1.91052 -1.28199 -0.04276 
2.74252 -2.45567 0.82794 
0.10362 0.77530 -3.44779 
0.75891 0.51749 -2.22681 
-0.05450 -0.43419 -2.62359 
0.38562 -4.49980 1.42086 
3.69123 2.70084 -2.46949 
-0.17245 -4.71595 2.66792 
2.29848 2.85393 -4.64779 
0.18812 -0.93716 -1.30075 
1.25776 -0.20650 -1.92191 
1.50573 0.06549 -0.72669 
3.60151 0.40996 -0.74962 
2.64739 -1.83220 0.24237 
1.74312 0.66927 -1.90144 
-0.54828 -1.40815 -1.36244 
1.66702 0.23078 -1.86627 
2.61657 -0.89399 0.22057 
-2.04402 -1.60332 -1.69772 
0.67644 0.09332 -2.39351 
2.22094 -0.23783 -1.52027 
4.66413 1.85638 -2.17557 
0.48509 -1.66620 -0.27383 
0.31622 0.38657 -2.33001 
1.92071 -0.21647 -2.04385 
1.70011 2.16680 -3.45201 
2.21243 1.70800 -4.23421 
0.82445 -0.92041 -2.15974 
2.17565 -2.29686 -0.04479 
-0.11075 -1.37766 -0.96066 
2.95861 -1.16354 -0.07109 
0.44842 1.08289 -2.61819 
0.91957 -1.27051 -1.12271 
5.25047 2.98617 -2.66675 
0.53061 -1.62599 0.61911 
0.60664 0.09386 -1.79046 
4.10846 0.60199 -0.54996 
1.13551 0.59191 -3.29156 
1.94056 1.35788 -2.79363 
2.38383 -1.96126 0.66431 
0.21497 -0.90375 -2.56070 
4.96989 3.64769 -3.46857 
4.09695 0.38426 -1.26729 
1.89217 -2.75952 1.73460 
2.19108 -0.74581 -0.72032 
1.33802 -0.11504 -1.72023 
0.09769 -1.02093 -0.55508 
0.13325 -1.27856 -1.62574 
3.60210 1.51737 -3.18042 
4.63464 4.53035 -4.94943 
0.95171 -2.16099 0.54365 
1.76446 2.10310 -4.62802 
-1.39868 -2.28615 -1.33677 
-0.56562 -0.00761 -3.63434 
2.85998 1.66363 -3.24111 
0.52159 -1.32321 -0.80048 
1.53996 1.82464 -3.30017 
2.28350 0.05644 -1.25176 
0.76811 0.00581 -2.62178 
2.30103 0.61218 -2.19579 
3.99250 0.35475 -1.52725 
-0.36099 -1.69212 -1.53228 
1.39026 -1.62078 -1.19422 
-0.07848 0.53834 -3.43295 
3.22727 0.11565 -0.98506 
2.63498 -0.55576 -1.41796 
4.63494 4.95628 -6.23660 
1.10515 2.01133 -4.31775 
-0.42860 -2.28628 -2.46637 
0.73823 -0.64954 -2.84816 
2.73604 -0.55515 -1.27824 
2.62534 -0.27753 -1.06203 
3.15769 -0.74185 -0.51004 
-0.91449 -4.90406 0.74036 
1.39102 -1.96203 0.18988 
0.11048 -2.54764 -0.24938 
3.10099 -0.18777 -0.31308 
1.93102 -0.43177 -2.33302 
-1.10049 -4.26857 0.05512 
3.93411 2.64716 -3.14371 
-0.55418 -1.70795 -1.69205 
2.11690 0.56644 -1.53530 
-0.08272 -2.58675 -0.04863 
1.19224 -0.78419 -2.08547 
2.46720 -2.00343 0.62705 
2.21031 0.74406 -2.38569 
-1.35496 -1.32840 -0.66317 
-0.38125 -1.21285 -2.39019 
-0.73995 -1.47975 -0.48381 
-0.60999 -3.51611 1.37798 
-1.06541 -2.51148 -1.74784 
2.91755 2.11378 -2.43493 
1.18538 -0.46321 -1.43436 
0.03377 -1.85801 0.67276 
0.17505 -4.32728 1.53613 
2.45163 2.98948 -4.66407 
2.84224 0.25701 -0.42593 
-0.61655 -3.11855 -0.34956 
0.87135 0.11665 -2.95267 
1.37611 0.30435 -3.50163 
1.12905 0.98168 -1.23323 
0.25518 -3.35464 0.18637 
1.47585 -2.30632 -1.24337 
-0.18042 -0.33041 -2.40466 
1.79627 -0.56204 -1.39637 
-1.23968 -1.57221 -0.92325 
2.99577 -0.07988 -1.73736 
1.52690 -0.04015 -2.00869 
0.61938 0.87352 -3.46906 
2.79326 1.78712 -2.79935 
-2.43718 -5.06743 0.66603 
4.20693 0.79503 -0.69301 
0.61620 -3.11011 0.75660 
0.65740 -2.13349 -1.28757 
0.42230 -0.23235 -1.00085 
1.22265 -1.52959 1.13689 
-0.33595 -2.76314 0.90220 
1.58963 -2.95075 1.78949 
-0.76938 -2.73129 0.19389 
0.80710 1.46933 -3.57484 
0.64604 -1.87681 -0.42648 
2.36892 -2.62179 0.81615 
-0.19937 -1.61303 -0.21607 
1.80915 -0.88826 -1.05509 
2.44428 -2.00075 -0.46686 
1.59459 0.05181 -2.67787 
-0.86557 -0.51454 -2.65685 
3.57812 0.78675 -1.01542 
1.70459 -0.71859 -0.16955 
-0.03380 -2.91525 -0.10266 
1.50045 -1.69715 -0.08187 
6.08517 0.37473 -0.22393 
1.39363 1.82441 -2.48899 
0.33417 -2.34603 -1.06072 
-2.33079 -4.31253 1.47950 
0.25582 0.19810 -1.87351 
0.38377 -1.52908 -0.88874 
1.77609 -2.55739 -0.43460 
1.74552 0.75880 -3.51122 
1.19401 3.09928 -4.02938 
-0.72615 -1.59453 -0.86866 
-0.00200 -2.05287 -1.65028 
2.41677 -2.74812 2.19863 
1.06901 -0.41318 -1.71393 
1.06261 1.29343 -4.09659 
2.16732 -0.37483 -0.87620 
1.57096 0.99012 -2.94339 
-2.53323 -3.19432 -1.31541 
1.33185 0.05084 -1.81164 
-0.33563 -2.66024 -0.17139 
1.35737 -4.35376 2.88811 
-0.07144 0.33716 -2.67530 
0.65506 0.11418 -3.64189 
2.55346 0.62885 -2.51217 
-0.04262 -3.53559 0.07404 
1.16854 -0.37192 -1.76615 
3.85337 -0.15326 -2.46885 
2.04804 -0.02740 -0.63461 
2.76320 -0.49373 -0.73338 
1.14722 0.80177 -3.54329 
1.30945 1.11748 -3.27477 
2.14716 1.10411 -1.35880 
0.73308 -0.13744 -1.73082 
2.18816 -0.57597 -0.86124 
0.21594 -1.87906 -1.56046 
2.20631 0.51448 -4.25241 
2.30614 1.11543 -2.72214 
0.79216 0.94655 -2.60715 
3.77515 3.88815 -4.54475 
2.87743 -2.21226 0.39629 
0.65909 -2.99116 0.77477 
3.31770 1.64335 -4.57446 
2.14153 0.10686 -2.10927 
1.18909 -0.73465 -1.97670 
0.52555 1.08706 -5.02311 
-0.12264 -2.31719 -1.51857 
2.27259 -0.84485 -1.38295 
0.86843 -0.35760 -1.84536 
3.56560 -0.33699 -1.95577 
2.50987 -0.03793 -1.83783 
0.44397 1.02340 -3.44869 
1.25180 0.94736 -3.28123 
0.00322 -0.26030 -5.01430 
0.62836 0.43796 -2.29050 
0.70832 -2.00415 1.32528 
0.23522 0.72775 -1.11035 
1.90543 -1.69985 -2.63959 
2.10303 -1.58768 -0.30013 
-0.32484 -1.37740 -1.48267 
0.05396 -0.69125 -1.73250 
2.19352 -1.60056 -0.78164 
1.80236 -0.21308 -1.56669 
-0.36070 -4.98744 1.35874 
-0.62898 -1.92002 -2.08538 
-1.42310 -4.26084 -0.75895 
0.95525 0.36719 -2.77793 
2.24210 0.94658 -3.75386 
1.71722 -1.90617 0.06350 
4.65890 2.49288 -4.02036 
2.93474 -0.49762 -1.32312 
-0.61791 -3.27626 0.68581 
0.38167 0.60886 -3.50275 
1.43336 0.90094 -2.38498 
-0.06858 2.17210 -2.70236 
5.12091 3.23138 -3.85426 
2.03176 -3.31323 1.19618 
1.28119 0.47654 -2.95050 
0.15578 -2.55850 0.49927 
4.74374 3.23283 -3.58987 
1.37740 -1.27260 -0.72341 
-0.79406 -2.93863 0.05431 
3.05313 0.35086 -1.86970 
1.42755 -2.84058 0.31845 
0.81276 1.16546 -2.17643 
-0.21754 1.48820 -3.56209 
-0.28819 -3.77062 0.10538 
2.27124 -0.66098 0.86536 
1.53037 -2.09625 -1.03528 
2.15678 0.65049 -2.48564 
-0.41889 -1.89397 -0.55899 
1.40799 0.25563 -1.85849 
3.94069 1.04569 -3.61604 
-0.47615 -0.47463 -2.43314 
2.73512 -3.19953 3.11390 
2.00666 1.91372 -3.42922 
-0.89203 -2.81099 -1.27561 
3.64818 -1.02743 -0.57665 
2.64566 -1.05627 -1.41193 
1.28556 0.09744 -2.19899 
2.11331 1.93327 -3.23817 
2.98456 0.64108 -1.23869 
1.58740 -3.50538 1.37516 
2.78142 -0.52370 -1.94328 
2.51475 -0.49554 -1.03783 
2.62412 -1.00843 -1.51028 
1.30344 -0.19853 -1.89241 
-1.84965 -3.53362 -0.60527 
2.75072 2.20053 -4.27185 
3.53419 0.59615 -1.53206 
0.23074 -0.44119 -4.11986 
1.10929 -1.67679 -0.54070 
1.19262 -0.09347 -2.55981 
-0.48671 -5.90780 2.85327 
-1.23096 -1.69196 -1.07482 
0.52946 -0.80976 -2.19005 
3.59155 0.22897 -1.86333 
-1.89509 -3.31728 0.60533 
-0.36358 -2.46175 0.26764 
-1.43561 -1.10123 -1.08396 
3.39641 1.28650 -3.62218 
0.66989 1.80471 -3.21296 
3.02550 0.26814 -1.21373 
-1.79183 -1.94385 -1.95861 
4.13586 0.14907 -1.51198 
1.33182 -0.98967 -1.07122 
0.22116 -1.86369 -1.71156 
1.24317 -1.79120 -1.21208 
1.15049 1.64467 -3.02798 
0.60358 -3.32350 0.95447 
-0.34783 -4.03116 1.26402 
4.15108 2.08336 -1.98201 
2.80560 -0.30069 0.14330 
1.99508 1.14250 -2.23257 
0.37219 -0.87800 -1.47405 
2.24796 -2.65912 1.64797 
-0.63576 0.22290 -4.05103 
3.27578 -1.05779 -1.55365 
1.18013 -0.94199 -1.76581 
-0.29191 -0.07563 -2.86322 
-0.25636 -3.08574 0.68447 
0.56711 -3.58725 0.97992 
3.45198 0.28080 -1.15022 
1.62541 1.11538 -3.18260 
0.47582 0.80274 -4.97332 
1.10617 -2.88013 -0.36866 
2.35105 -1.91800 -0.14329 
0.32735 -1.73709 -2.09613 
1.57305 1.05502 -2.16973 
0.79920 0.26019 -1.43934 
0.40294 -0.77808 -1.77294 
0.29395 -1.14280 -2.28942 
0.47370 -2.05343 -1.17447 
-2.12834 -2.00529 -1.39599 
3.48920 2.29694 -3.89861 
0.29694 0.18723 -3.63674 
2.39513 -1.17394 -1.34217 
0.81698 0.58683 -2.94897 
-0.28074 -1.41502 -2.53588 
-0.34401 -2.77565 -1.33894 
6.09437 2.91906 -2.02185 
3.23441 -0.50329 1.26807 
0.94751 -0.43856 -1.96978 
1.03423 -0.51788 -1.33593 
2.63847 -0.47857 -1.59855 
1.21962 -1.00520 -1.16257 
2.59732 2.77980 -4.54172 
0.88857 -1.39652 -2.24830 
-1.18752 -4.27983 0.90019 
2.55206 -1.02849 -1.59362 
-0.59052 -2.62713 -1.82736 
2.43062 -1.27596 -0.88972 
1.59802 -3.06366 -0.32160 
3.23407 -1.61982 2.56043 
2.11784 -1.09463 -0.99617 
1.80582 0.95278 -3.93589 
-0.51526 -1.56929 -2.64478 
0.55260 -3.83156 0.13844 
5.00003 1.76968 -1.18201 
3.13450 -0.31489 -1.12796 
0.05955 -3.74132 1.55388 
3.58910 1.03635 -1.34279 
1.44258 -0.42035 -1.78001 
1.04386 -3.76127 2.07100 
-1.23902 -3.24831 0.27056 
1.89742 -2.60385 -0.62761 
3.19780 0.46538 -2.70834 
0.37612 0.15402 -3.80907 
2.28827 -1.04109 -1.88211 
6.19087 3.83553 -3.07814 
1.09157 0.05928 -2.91595 
3.68796 0.18332 -2.11434 
5.40829 4.34744 -4.03749 
-0.33082 1.39259 -3.69167 
-0.42502 -1.78934 -1.28941 
1.39763 1.43040 -2.93289 
0.55757 -0.56863 -0.49724 
-0.99742 -1.08467 -2.67517 
-0.37435 -2.07573 -1.04617 
0.61984 0.33526 -1.84729 
3.20371 -1.16423 -0.25914 
-0.36836 -2.26108 -0.42387 
3.37274 2.72963 -3.96011 
3.25741 -0.30264 -1.07306 
1.42254 -2.13829 -1.28883 
3.05608 -0.79072 -1.56327 
1.28031 0.73223 -2.68812 
-0.37912 -1.38542 -1.52259 
0.22607 -1.37492 -2.76650 
1.06251 0.37552 -2.95832 
-1.59553 -2.02987 -0.79181 
1.35784 0.62790 -3.48416 
0.92011 0.18065 -1.94792 
1.55197 -0.80620 -0.90640 
1.12766 -2.43318 -0.16393 
1.19524 1.24177 -3.04007 
-1.30519 -1.05074 -3.18448 
0.73980 0.05456 -2.08156 
6.84398 1.68011 -1.31343 
-0.83502 -4.40648 -0.03935 
0.11480 -1.81923 0.36162 
0.79177 -2.08625 0.61881 
0.53674 -3.91922 0.77475 
1.20528 -1.78119 -0.74691 
-0.73974 -1.50450 -1.09593 
0.62687 1.11318 -4.83559 
-0.09844 -0.74803 -2.82900 
1.86097 1.14952 -3.13048 
0.80355 -1.13887 -1.16395 
1.64675 -1.81009 -0.92233 
1.07896 -0.90160 -1.74725 
1.52994 -1.27278 -1.01943 
-0.97886 -3.06415 -0.13354 
2.98227 0.92657 -2.35437 
-0.13774 -4.25768 1.59488 
1.08780 4.18829 -6.03831 
2.13997 -2.21980 0.08845 
3.47230 0.52841 -1.36143 
0.30284 0.96447 -3.24710 
2.90527 0.40934 -1.21605 
0.83944 -1.06060 -1.91237 
0.13244 -4.32527 1.21664 
0.41117 -2.03629 -0.59594 
-0.81388 -1.86363 -3.39423 
-3.21133 -1.65312 -2.61322 
3.33338 0.87293 -2.07845 
2.70457 2.30536 -2.78707 
2.85906 0.81976 -2.39370 
-0.65132 -2.11436 -2.37186 
0.29439 -1.79936 -0.58195 
3.67455 0.95078 -2.25345 
1.26160 1.28630 -2.47242 
3.72856 2.07069 -3.24382 
-0.68158 -2.75513 0.32400 
2.58701 1.76498 -3.26420 
-1.92778 -1.53924 -1.25827 
1.84757 -0.56159 -1.30699 
0.57541 0.18220 -2.85330 
0.58212 0.65624 -2.70678 
1.73236 1.12921 -3.98611 
0.98900 0.67661 -3.67079 
2.86531 4.01860 -5.38028 
2.80508 -1.39028 -0.68051 
1.06880 0.76508 -2.55869 
3.84313 1.34340 -2.99284 
0.91400 -2.11114 -0.80017 
0.74789 1.34437 -3.22286 
-1.44147 0.08925 -3.96237 
0.95522 -1.94870 0.47141 
2.37826 1.06374 -2.62617 
1.93967 1.45842 -4.50190 
0.11088 0.57249 -2.98564 
0.83495 0.17067 -2.03894 
0.08868 -0.22502 -2.77239 
1.80928 -0.42724 -1.80845 
-0.42028 2.00458 -6.16372 
2.44544 -0.08118 -0.96836 
0.94609 -2.74656 -1.17679 
3.92914 -1.54788 -2.03340 
0.26202 -1.20857 -2.41962 
0.26686 -0.82035 -0.88721 
0.91203 -0.21562 -3.50507 
1.17393 0.02940 -3.81509 
3.01703 1.96701 -1.71621 
4.78807 4.27186 -4.22452 
1.41525 -1.52505 -0.95845 
2.67569 -1.61731 -0.41256 
-0.79601 -2.46995 -1.79748 
1.36503 -0.26558 -2.39271 
-0.69570 -0.37786 -2.36395 
2.31386 -1.01647 -0.02528 
-0.41359 -0.52632 -3.28747 
1.81363 -1.64265 -0.58167 
0.58462 0.44527 -1.82142 
1.96111 -0.85213 -0.44620 
-0.45822 -0.46505 -3.27489 
-0.63772 -1.58415 -1.83696 
-0.77501 -1.70214 -0.54391 
2.46440 -0.99896 -0.94407 
-1.19442 -2.23239 -2.46123 
3.38777 -0.07202 -1.59861 
2.93174 -0.06793 -1.58514 
1.60540 -0.67761 -1.05379 
-0.46218 -1.71815 -1.90278 
0.89522 -0.92432 -3.16127 
-0.09344 0.02945 -4.04378 
2.84805 1.04178 -2.72852 
0.58554 -0.78800 -1.41143 
-1.40827 -3.20856 -0.73452 
0.97322 -1.14584 -0.60282 
2.10479 -0.17140 -0.26726 
-0.73325 -0.98332 -3.13960 
1.09100 -0.03281 -2.54423 
1.52249 -0.10501 -1.66728 
1.25170 -4.19063 1.81145 
-0.01952 0.42015 -1.46611 
0.53358 0.01003 -1.88000 
1.19371 -0.70136 -2.13030 
-0.34515 -0.20749 -1.64143 
0.22267 -1.21477 -0.54040 
0.02212 -2.14767 -1.00623 
1.23375 2.35264 -4.46208 
1.76922 1.32088 -1.97708 
1.16294 0.59418 -2.42270 
0.50500 -0.07949 -3.27783 
0.09600 -0.91563 -1.60875 
1.92037 -0.03586 -1.15420 
3.70835 -0.13561 -0.29729 
0.09976 -0.52703 -2.35751 
1.76532 -0.37261 -1.87417 
3.10592 -0.28369 -1.77163 
1.49987 1.15065 -3.77206 
-0.36225 -1.68447 -0.63783 
0.55382 -2.19900 -0.90698 
2.14780 -1.44129 -0.76187 
-0.33810 0.07222 -3.02349 
0.23344 -1.41137 -1.40978 
-0.23081 -1.48193 -0.41673 
2.47513 -1.36766 -0.30086 
1.69750 -1.61275 -0.36799 
-0.34413 -1.31139 -1.91301 
-0.56147 -1.97446 -1.35496 
1.80846 0.62259 -0.59030 
1.89116 0.68770 -2.12210 
-0.02973 -3.97883 0.81232 
0.18739 -0.77248 -1.80482 
1.52740 -1.08743 -0.21249 
2.51605 2.53509 -4.54810 
-0.06970 0.63239 -5.28763 
-0.55469 -2.89517 -0.28946 
-0.15906 0.30430 -3.89710 
0.30968 -2.40059 1.48879 
0.28536 0.51828 -0.37798 
1.88506 -2.73047 1.04673 
0.73878 -2.30211 0.45781 
0.82807 -2.24425 -0.28643 
3.23564 1.26843 -2.37987 
3.43089 -1.00821 -1.21880 
1.77735 -0.62089 -0.17108 
3.12591 2.79131 -2.41860 
2.42483 1.27575 -3.12247 
1.56216 0.14178 -2.32419 
-0.30736 -0.81319 -1.40795 
0.73243 -0.38294 -1.30063 
2.88719 -2.16568 -0.41569 
-0.83014 0.93504 -3.00430 
0.45142 -3.48272 1.32616 
0.05758 -0.62794 -0.27645 
0.36510 -3.97666 0.35848 
1.26186 2.54340 -6.46091 
3.59954 -1.09161 0.32698 
6.78215 3.66162 -3.42046 
-0.08423 -1.77175 -0.85167 
3.74511 -0.47845 -0.14507 
3.27768 -0.41639 -1.19064 
2.33564 1.80365 -2.27028 
0.79153 -1.30948 -1.89969 
1.03816 2.69503 -5.09842 
1.08237 1.61622 -4.31819 
1.53639 -0.07287 -2.57393 
0.37945 -2.46762 -0.40314 
1.88534 0.91724 -2.70137 
-1.06049 -1.79507 -0.71860 
-0.44219 -1.48261 -1.49544 
3.40463 3.37094 -3.84169 
0.76393 -1.05259 -1.23993 
-0.40583 0.91916 -4.09559 
2.02010 -1.86310 0.99317 
-1.68979 -2.18568 -0.51234 
-2.52607 -2.49342 -0.96821 
0.11969 -0.93190 -2.30081 
1.65774 0.13538 -2.84912 
0.34400 -0.99600 -1.20955 
3.25012 -0.92966 -2.18753 
1.85509 1.02734 -3.07825 
1.71375 0.66943 -1.12841 
2.35715 0.57151 -2.40731 
1.18805 0.55760 -3.73264 
2.46480 0.16543 -1.04768 
-2.22562 -1.72192 -2.06985 
3.42170 1.88263 -3.06015 
2.16227 1.14366 -2.69875 
0.76224 -1.77778 -0.62080 
-0.88368 -2.92163 -0.25778 
3.62821 0.78896 -2.07363 
1.84695 -1.37641 -0.80675 
0.80826 0.44129 -1.82270 
1.54513 0.28082 -1.54831 
3.29313 1.40302 -2.97008 
2.24882 -2.57397 0.75515 
-0.56554 -1.68963 -2.76146 
1.87195 -3.20376 1.48498 
0.14818 -0.15320 -3.17003 
-0.92151 -2.41307 -0.51414 
1.14785 -1.09421 -0.82561 
2.31285 -0.95007 0.36342 
0.38688 -0.88263 -0.78397 
1.87446 -0.73936 -1.83994 
1.22714 -0.05688 -3.43938 
-2.50777 -2.66890 -1.04598 
0.37046 0.17986 -2.36054 
3.66895 2.00972 -4.31008 
0.67024 0.25473 -2.26580 
-0.05358 -2.13005 -1.24431 
2.82914 0.94986 -2.94976 
2.66309 1.97348 -3.52734 
1.09429 -2.38355 1.77637 
0.53836 -0.56977 -1.36152 
-0.25516 -1.16264 -1.68679 
3.32995 -1.06244 -1.05151 
0.08763 -0.76203 -0.28132 
3.24905 0.58771 -0.78796 
1.52091 -4.31811 2.66657 
1.61850 0.32364 -1.59749 
1.02013 -1.04428 -1.76025 
2.75343 2.50085 -3.00591 
-0.30787 -3.76206 0.07390 
3.51459 -0.59024 -1.38887 
3.35818 0.46516 -2.44269 
2.73995 -1.25347 -0.89503 
0.71081 -0.82897 -1.44130 
1.91300 0.82761 -2.98872 
1.80232 0.99678 -1.26043 
1.87859 1.29054 -3.48853 
1.11171 -1.70741 -1.15277 
3.05366 1.16027 -1.16821 
3.13405 -0.80566 -2.28787 
-0.84076 -3.38493 -0.39074 
-1.67903 -2.26497 -2.33660 
2.54024 1.49616 -1.51171 
1.85095 0.82901 -2.01800 
0.93211 0.73703 -3.50578 
1.53286 -1.51799 -1.09067 
4.29811 1.45673 -1.99737 
-2.38408 -2.66133 -0.86485 
1.57742 0.32001 -2.60352 
2.09257 0.68204 -1.27873 
2.00986 0.27383 -2.48088 
-0.58890 -3.81735 0.29908 
1.54578 3.07184 -4.19363 
1.52443 -0.38312 -1.01442 
3.21105 1.25909 -1.66428 
0.01124 1.16282 -4.69721 
-0.41280 -4.62189 2.29187 
2.77388 1.19783 -3.37863 
4.03654 1.79311 -4.00075 
3.09311 4.91338 -5.81688 
0.93498 -3.15725 0.37405 
0.43433 1.86415 -4.35143 
-1.09666 -1.85422 -2.15881 
0.02097 0.95355 -3.28033 
1.09926 -0.95446 -1.55019 
0.56341 -0.84535 -1.41105 
-0.32771 -1.75647 -0.73821 
1.91714 -2.68852 0.09118 
2.03628 -0.00103 -1.28387 
1.55814 -0.35183 -1.87264 
-0.12893 -0.12640 -2.42082 
2.35707 -0.20607 -1.97468 
1.00271 0.19675 -0.76712 
1.42622 -0.84912 0.34879 
3.80648 0.16488 -1.65565 
1.45929 2.51977 -3.87267 
1.88384 0.87186 -0.74249 
0.81623 -0.35940 -2.29446 
2.13013 0.11455 -1.78242 
0.68991 -0.45934 -1.98737 
3.40869 1.04101 -2.30579 
-1.80164 -2.52204 0.75903 
0.27888 -0.48769 -2.62411 
-0.26133 -2.02619 -1.26378 
1.90838 -1.81341 0.28165 
0.09842 -1.15131 -1.44409 
2.65874 0.37808 -1.17103 
2.65147 0.09461 -0.86742 
1.63640 1.38603 -3.79096 
5.10902 5.49818 -6.72716 
3.79004 2.59902 -2.76912 
1.02993 -1.03981 -0.92928 
0.10204 -0.11297 -2.79025 
-0.44884 0.82728 -4.16614 
-0.49368 -2.66457 -1.16525 
1.07408 0.51552 -3.42774 
1.46448 -2.39595 -0.40452 
1.62190 1.18722 -3.21554 
-0.81308 -1.86468 -0.84989 
0.67013 -0.55788 -1.51955 
-0.79623 -3.06209 -2.08510 
1.46291 -0.16524 -1.86607 
2.00853 -2.30085 0.75339 
0.02754 -1.63356 -0.10694 
3.24241 0.79325 -1.84802 
0.27790 -2.67169 -0.83191 
2.47647 -0.63795 -0.81354 
2.77637 0.28387 -2.12975 
2.67520 1.39387 -1.56215 
0.01861 -1.15532 -1.43498 
3.24447 -1.89650 1.03374 
1.96689 -0.06594 -1.79286 
0.29500 -1.93227 -1.27652 
-0.19792 -0.19565 -3.39093 
-1.84502 -1.39594 -1.06188 
1.47399 -0.45187 -2.01033 
2.30203 1.05303 -2.31280 
2.64073 -0.00729 -0.86103 
2.01825 2.40936 -4.17256 
-0.39638 -3.65537 -0.40460 
0.14986 -2.52670 0.16235 
3.12556 0.24751 -0.88910 
1.02902 -2.86776 0.52938 
-1.25197 -3.58209 0.67492 
0.34884 -2.21046 -0.91300 
-1.41724 -1.03196 -0.59588 
0.97241 -0.90400 -1.81425 
0.56076 -2.29361 0.49039 
0.11618 0.61196 -3.21499 
-0.56073 -0.99063 -2.12616 
1.67894 -1.55243 -1.59675 
1.86268 -1.91131 -0.18553 
3.02144 0.30957 -2.76075 
3.71721 0.11104 1.06556 
0.99520 -2.69705 2.23056 
4.54828 1.76956 -2.19762 
0.22679 -1.12244 -0.76858 
0.86413 -0.76131 -1.90614 
1.96740 -1.30350 -1.52742 
-1.15374 -4.14438 0.03118 
0.52372 -0.48911 -0.88795 
-1.52820 -3.90637 0.22223 
1.81618 0.06903 -2.83284 
-1.27840 -0.80894 -3.06566 
2.16431 1.54497 -3.04120 
2.71438 0.09394 -1.40563 
-0.78230 -3.53310 0.20358 
1.80096 0.99660 -1.66555 
1.12587 -1.07379 -2.03601 
2.82959 -0.84144 -0.40528 
0.74865 -0.66194 -2.02919 
-0.61992 -3.34966 1.25936 
2.75635 2.23930 -3.83992 
-1.54048 -3.16799 -0.09307 
3.66900 1.70811 -3.12754 
2.42366 2.41308 -3.93388 
3.37327 0.11776 -1.99097 
1.92223 -1.26901 -1.38832 
-0.88611 -1.13475 -1.34788 
-0.64399 -1.20662 -2.30897 
0.32713 -4.93887 1.71562 
1.65663 2.33679 -4.10353 
2.50064 0.87401 -1.59236 
-1.02702 -1.63319 -0.87931 
3.38314 0.36745 -1.96310 
1.41865 -0.42858 -1.22704 
-0.38952 -1.58677 -2.04206 
3.57269 0.95374 -2.39643 
4.93959 -1.91046 1.83864 
-0.96414 -3.38375 0.10240 
0.86362 -0.28646 -2.44752 
1.63707 -2.75063 0.16925 
2.37717 1.70356 -4.97707 
0.55813 -0.15627 -2.55186 
1.00574 -0.84586 -0.10576 
-0.10776 -3.23809 0.35175 
4.68238 3.27285 -3.91742 
0.65840 1.28778 -3.94571 
1.64639 -0.24407 1.07141 
2.96748 2.90152 -3.72192 
0.69567 -4.08802 2.31091 
1.80155 -1.34238 -0.55454 
-0.79916 -0.02918 -4.86822 
2.93342 1.25733 -4.26466 
0.10251 -1.98091 -0.12066 
0.41950 0.46065 -3.55727 
2.50688 1.79726 -3.64656 
0.32894 -0.70240 -2.63417 
-3.84687 -5.76105 1.67489 
1.96289 1.90396 -3.94441 
0.12211 -1.53494 0.60254 
1.18404 0.77076 -3.16872 
1.91983 0.58692 -1.88600 
2.16980 1.97718 -3.81240 
0.54004 -1.89914 -1.41608 
-1.26996 -1.95440 -1.56956 
1.39446 -3.31361 0.97176 
-2.38035 -0.05693 -5.01131 
-0.26039 -2.67810 -0.73726 
0.44339 1.09426 -1.96741 
3.41073 0.40114 -1.97766 
1.08514 -1.03243 -1.59213 
0.43711 -1.90802 -0.64970 
-1.81048 -5.32750 1.87843 
0.80325 -0.01067 -1.72811 
-0.42633 -0.78358 0.22245 
2.18745 1.02361 -2.64574 
0.97252 -0.46974 -0.83946 
3.35244 3.61601 -5.52440 
2.42897 0.92274 -3.66758 
0.83913 0.40985 -2.36876 
1.40919 -1.44046 -0.64766 
1.88204 -0.63937 -1.26479 
0.69892 -0.25854 -2.32194 
0.77542 -0.75299 -2.24648 
-0.11291 -2.72482 -0.62140 
0.93809 -4.57914 2.30917 
-1.08646 -1.87102 -0.64132 
0.75925 -0.25489 -3.14274 
0.88824 0.12716 -2.47174 
1.10689 -1.84535 -0.36152 
-0.01563 -0.20686 -2.38817 
0.78467 -1.09763 -1.39508 
0.93530 -1.06003 -2.79296 
-0.74169 -3.47756 1.08149 
3.97115 2.61884 -3.94822 
-0.98797 -1.51334 -1.62583 
-0.60897 -0.02942 -3.83332 
0.49716 -2.30926 -1.49718 
-0.61311 0.45371 -2.86493 
4.21453 3.30374 -4.19291 
1.53806 -1.08510 -0.86732 
1.31134 0.89018 -3.15493 
-1.88615 -4.20521 -0.05702 
0.73394 -1.60159 -0.57795 
-0.96555 0.44577 -4.31509 
1.51060 -6.44535 3.78061 
4.16387 0.64451 -1.16534 
1.74900 1.44302 -3.70711 
1.25654 -2.47169 -0.44596 
1.38769 -1.61465 0.38428 
1.16590 0.26758 -2.03036 
1.14807 -1.00069 -1.73294 
1.10587 -1.22183 -0.97581 
2.33449 0.35583 -2.97470 
2.98313 1.10715 -1.58361 
2.25280 0.25855 -1.57422 
-2.02977 -2.37434 -0.64469 
0.96045 -1.72238 -0.12886 
4.46797 2.46883 -1.94115 
0.16136 -2.34382 0.55051 
3.82057 2.14992 -2.29986 
0.94801 -3.41654 0.52972 
0.32347 0.21170 -3.21277 
0.17108 -3.01557 0.38137 
-1.84226 -0.75639 -1.20497 
-0.87823 -2.43822 -0.49616 
-0.50132 -1.72068 0.07389 
-0.16531 -3.64257 0.11218 
2.01935 0.96892 -2.33767 
2.39135 2.94318 -4.85801 
2.80602 1.14884 -0.59233 
-1.14350 -3.53782 0.97025 
1.57929 -0.18761 -1.57978 
4.81644 3.90508 -4.75919 
-0.26484 -1.15277 -1.47691 
3.07787 0.68830 -2.04136 
1.51016 -1.97697 0.87542 
0.29282 0.32611 -2.96605 
5.28902 3.18714 -4.64371 
-1.86257 -2.29977 -0.43364 
1.44865 -0.54057 -1.43986 
1.17835 -2.03474 0.00456 
2.63457 1.27370 -2.38062 
-0.37815 -0.02011 -2.71943 
-0.07844 -0.48054 -1.30952 
-0.57403 -2.28085 -1.98457 
1.50209 -1.48209 -0.52450 
1.84698 1.04894 -2.62903 
2.47744 2.19215 -3.60687 
0.92260 -2.39709 0.29614 
4.60254 1.28666 -2.05631 
1.68172 -2.40247 0.52966 
0.24436 0.04918 -2.74031 
1.87741 -3.05039 1.37229 
0.43709 -1.78023 -0.13718 
2.63900 2.11507 -3.87798 
-2.63803 -3.31972 -0.89410 
0.14284 0.93247 -3.83299 
2.19468 -0.96396 0.82847 
1.03188 -0.12766 -2.47343 
1.96355 0.96041 -1.64151 
1.45916 0.01939 -1.61338 
0.91981 0.90345 -2.50256 
3.44380 -0.25634 -0.26525 
0.69845 0.50261 -3.40083 
0.76375 0.90105 -3.40742 
1.04080 -0.00123 -3.34932 
1.94250 0.28757 -3.07983 
1.51145 0.90800 -2.43594 
-1.41572 -7.61936 4.04116 
2.45547 -1.01725 -0.89644 
-0.74432 0.83857 -3.23674 
1.70407 1.01785 -4.36827 
0.09537 1.09009 -3.23638 
0.21733 -1.08109 -0.34935 
0.21719 -0.44845 -2.21796 
2.34687 2.28040 -4.62896 
0.85119 -1.49165 -0.97321 
-0.07856 0.33431 -2.87776 
2.12293 -2.65811 0.79647 
1.55121 -0.08378 -2.04127 
0.70463 -0.71709 -2.31443 
2.09709 -1.77630 1.08660 
-0.79289 -2.71175 0.50171 
0.51210 0.10532 -2.47232 
3.76610 -1.46270 1.71231 
-0.39099 -0.34824 -2.20773 
-0.91213 0.22318 -2.63231 
1.71517 0.85957 -3.02924 
0.74067 -0.60803 -1.94176 
0.10979 -1.47561 -0.72389 
0.11814 2.03716 -4.64470 
3.95562 1.52452 -1.62781 
1.92589 -0.01363 -2.69516 
-1.26851 -3.06901 -0.14463 
3.15717 -0.11142 -1.74521 
-0.05455 -0.46621 -2.82861 
1.00769 -2.86072 0.30407 
2.91743 -0.63223 -1.47286 
2.73995 -1.60610 0.26395 
1.19916 1.05284 -3.03584 
-1.50556 -0.54685 -3.51029 
0.85040 2.01478 -4.17294 
2.80238 0.80937 -2.89374 
2.08839 0.96452 -3.57931 
0.35889 -1.54829 0.33117 
1.53422 0.71358 -2.86757 
-1.49095 -2.32861 -0.48633 
-0.15224 -2.29507 -0.76255 
0.13475 -0.87906 -0.84126 
2.04584 0.15367 -2.47271 
0.87781 -1.50501 -0.78466 
-0.45518 -0.78781 -3.21928 
1.72520 -0.82196 -0.51220 
-0.05128 -1.07153 -1.03802 
1.16469 -3.47754 1.79700 
3.81619 3.00400 -4.03796 
-0.22315 -2.03912 -1.27027 
3.20904 0.25130 -1.52079 
-0.31985 -1.91876 0.42036 
2.18106 -0.67111 -0.91108 
-1.24134 -2.95600 -1.33314 
1.03609 0.46488 -3.19074 
4.07717 2.08170 -3.39736 
2.41844 -0.88188 -0.56278 
-1.55129 -3.46429 -1.14716 
-1.16476 -1.74801 -0.41307 
3.73431 1.70951 -2.82981 
3.26479 0.63378 -1.29488 
1.26765 0.62177 -2.70279 
-2.03034 -2.24801 -1.28916 
0.34726 -0.55238 -1.96519 
0.88298 -1.49070 -1.95741 
4.20403 3.42131 -5.12992 
1.29117 0.97295 -1.97836 
-0.46778 0.18827 -3.01525 
1.07123 -5.31347 3.86901 
2.00025 0.60209 -1.18566 
0.09991 -0.39373 -3.66250 
-0.57313 -1.85164 -0.87917 
-0.61490 -0.33188 -2.48615 
-1.07028 -1.24879 -1.12046 
1.46339 -0.53773 0.24393 
1.89930 -1.31747 -1.84099 
1.89717 -0.10312 -2.09580 
-0.27673 0.42647 -3.12765 
0.57639 -1.50275 -0.37676 
4.16192 1.42400 -2.81782 
0.36413 -2.38238 -1.21963 
-0.03424 -1.85447 -0.57704 
0.40141 -2.92525 0.27339 
3.28993 0.44949 -1.24628 
1.13089 -1.69615 -0.20115 
0.86093 0.24199 -2.54268 
3.54500 1.96423 -3.09707 
2.29051 0.08968 -2.83683 
2.57629 0.05722 -2.28958 
1.80065 -2.52855 -0.91956 
1.11552 -1.09245 -1.01870 
0.51136 -0.66864 -1.53330 
2.66673 0.39251 -3.18889 
-0.81552 -0.66932 -1.94138 
0.57871 -2.02735 0.67897 
3.21063 -0.19316 -1.25886 
-0.10819 -0.30966 -2.36967 
0.68259 0.04023 -3.25672 
0.28130 -1.26007 -1.46266 
-0.11531 -2.07462 -1.45819 
0.22000 -4.21771 2.60713 
1.73727 -0.22011 -1.83981 
2.75623 1.03849 -1.87502 
2.21622 -0.45334 -2.12305 
3.33953 0.50540 -2.14797 
-0.04361 -3.84471 1.28215 
-0.38740 -2.46566 0.56661 
2.40277 -1.38499 0.10090 
2.01875 2.09859 -4.12553 
1.39518 -2.82092 -0.28136 
4.02218 1.26343 -3.06084 
2.91431 -0.50999 -0.65469 
3.03313 -0.53126 -0.75480 
1.40511 -0.23280 -2.28679 
1.29526 -0.82829 -1.12061 
2.19127 -0.45225 -1.35031 
-0.22023 -0.97070 -1.49544 
1.29504 -2.79323 2.42306 
-0.93119 -1.64255 -1.97115 
0.01646 -0.34788 -2.59964 
3.67394 1.94342 -3.14921 
3.46175 -0.77700 0.32823 
1.91615 0.34050 -3.14102 
0.30370 -0.94740 -1.99559 
-0.18558 -4.11195 0.96759 
2.57812 2.16163 -3.92219 
6.50574 4.00339 -3.02485 
-0.74252 -2.62940 0.44754 
0.23486 -2.90736 0.88047 
5.37677 2.84806 -1.91244 
2.29271 0.37573 -2.75486 
3.30349 0.88590 -2.24266 
2.18716 -0.89562 0.13892 
1.05042 -2.91649 -0.21932 
-1.58473 -1.32979 -2.26397 
1.87200 0.91219 -3.67693 
0.38506 -2.18829 -1.07264 
-0.40390 -2.21476 -0.66723 
1.26619 1.72183 -3.51148 
-0.96290 -2.49898 0.56579 
4.01323 2.84673 -3.04040 
-0.70769 -1.42653 -2.37032 
-2.57840 -2.85658 0.78212 
0.23440 -2.56185 -0.42975 
0.20974 -0.34250 -1.82401 
1.15966 -0.81141 -2.39547 
2.42738 -0.47920 -1.48954 
-0.27609 -0.88086 -3.01611 
2.09231 1.30554 -4.03393 
0.89504 -0.21223 -3.19551 
3.22430 -1.65838 0.06651 
0.83601 -0.78749 -2.63795 
0.02229 -1.93835 1.31052 
2.68686 -0.42778 -0.92546 
1.15917 -0.68917 -1.52984 
3.06550 1.64953 -3.22886 
1.63718 -0.83603 -0.29818 
2.25058 -1.25928 0.08133 
4.01017 2.31772 -1.87489 
1.37162 -1.12130 -1.36020 
2.88120 -1.15856 0.02829 
-1.03222 -1.93387 -1.25577 
1.85955 -0.68697 -0.43750 
1.19264 -0.33001 -2.16739 
3.56188 1.59906 -1.53768 
