0.12671 0.39104 0.59696 -0.50805 0.43888 
-0.64277 2.18403 -0.98236 -0.23687 1.57550 
-0.47189 -0.83401 -0.16113 0.86618 -0.84055 
-0.16181 -1.01120 1.11363 0.17341 -0.45044 
0.05583 -0.10105 -0.18955 1.15073 -0.62113 
3.23227 -0.11835 0.77270 -0.34271 1.18200 
-0.54187 0.98322 1.12485 -0.84035 -1.70700 
1.45568 0.94124 0.79954 0.32202 1.84198 
-1.33647 -0.44609 -0.83536 -0.41457 -1.17527 
-0.17204 -0.16600 1.07539 0.51314 -0.01900 
2.01859 0.24226 0.47579 0.11848 -1.14594 
-0.25552 0.04983 1.95977 -0.58813 -0.26706 
0.58382 -0.03451 0.75281 -1.66492 0.07418 
0.50738 0.62914 0.35918 -1.15434 0.79459 
-2.04068 -0.76243 0.08932 -0.76843 0.71690 
0.54110 -1.72414 1.39797 0.07448 0.55114 
0.03157 0.35188 0.47430 0.00609 -0.77101 
-1.08682 0.77713 -0.37643 -1.04622 1.18367 
-0.14675 -1.34662 0.41892 1.50399 0.47443 
-1.87264 -0.90588 -1.08627 0.16084 0.81153 
0.29431 0.06431 0.16135 -0.58747 -0.06663 
-0.68727 -1.90585 0.04032 -2.99223 0.75125 
1.41178 -1.59992 2.07040 -0.76394 0.52955 
-0.88255 0.33850 0.20085 1.17019 -0.63388 
0.70218 -1.07092 -0.38216 -0.86041 0.31428 
-0.88439 -0.21999 0.83969 0.18897 -1.63791 
-0.04414 0.01645 -1.53802 -0.19012 -1.24264 
0.10391 0.23415 -1.05616 0.41088 -0.07754 
0.53511 -0.03713 -0.99951 -0.86601 1.57690 
-0.91345 -0.42720 0.23691 0.71718 0.63346 
0.02139 0.40438 0.33690 -1.69779 1.08254 
-1.87482 -0.55821 0.12141 0.61636 -0.07778 
-1.85395 1.38793 -1.91427 0.86954 1.02703 
-2.00781 1.30396 -0.00287 -1.73412 -1.09061 
-1.95889 1.27375 1.31040 0.41308 1.08062 
-0.75210 -0.15504 0.94155 0.43270 -0.25826 
-0.55827 0.41548 0.23337 -1.92499 0.26285 
0.21944 0.69971 -1.27429 0.93362 -1.25423 
0.39038 0.82211 0.77964 0.06784 -1.89067 
0.36406 0.15099 0.38798 -1.08724 1.27713 
0.69805 -2.04212 -0.59451 -0.34755 0.60928 
-1.18049 0.11156 0.16675 -2.04411 -1.40207 
-0.34401 0.97663 -0.87419 -1.33736 0.06456 
-1.18947 0.07484 -0.01630 -1.00477 2.64150 
-0.37547 1.36891 0.02882 -0.13917 0.18723 
-1.62915 -0.43426 -0.41346 -0.43269 0.78302 
-0.67102 0.72936 1.37269 0.98604 -0.10653 
1.15265 0.45931 0.14437 0.99100 -0.59814 
0.10299 -0.21170 -0.50287 -1.16342 -0.97741 
-1.82515 1.26133 -1.13890 -1.05722 -2.20508 
0.10752 0.92887 0.42359 0.17753 0.74402 
-1.31579 0.35132 -2.15998 0.48383 -1.17873 
1.37012 -0.82768 -0.19474 1.22329 0.22306 
0.15420 -0.87374 -0.10227 1.10378 -0.82676 
0.05721 -2.12457 0.37537 -1.77701 -0.12586 
1.36497 0.83731 0.82930 0.82802 -0.66070 
-0.54862 -1.76653 0.81791 -0.69180 -0.67513 
-1.88696 -0.45538 0.34322 -1.23828 1.10875 
-1.15408 -1.39248 -0.09804 -0.03501 0.38076 
-0.07587 0.70708 -0.13370 -0.26983 -0.64360 
0.57901 0.75534 0.01873 -1.44179 -0.38866 
1.69908 0.33777 1.10607 1.35955 -0.91733 
0.10398 0.13751 -0.72491 -0.14763 0.68208 
-1.18784 -1.65346 0.09789 0.60871 -0.04114 
1.70077 -0.84491 0.99227 -1.97800 -0.25269 
1.02341 0.36837 -0.25241 -0.83153 -0.07635 
-0.18673 -0.96834 -1.07488 -1.41066 -2.71963 
-0.70766 -0.36871 -1.58341 0.58081 -1.28031 
1.49648 -1.74397 -0.93229 0.42612 0.76544 
1.03808 -0.33557 -0.28461 0.41012 -0.61059 
1.32890 0.99457 0.45539 -0.65566 -0.74783 
0.02472 0.43387 0.41782 -0.83777 0.24921 
0.81014 0.39803 0.49069 -1.60593 0.32697 
1.37668 1.24812 -1.68821 1.47953 1.68474 
-0.00363 -0.33690 -0.08814 -0.68411 1.45333 
0.56564 -0.55182 0.11325 0.21182 0.86754 
-1.42627 0.02018 0.11094 -1.54531 1.47371 
0.40242 -2.18771 -0.14005 -1.28526 0.86111 
1.44458 0.36465 -0.83926 1.44608 1.08907 
-1.39838 -0.69173 0.04305 -1.57909 -0.59197 
-0.91499 0.53672 -0.87247 1.68902 0.37797 
-0.94721 -0.00146 1.11141 -0.64194 -0.17353 
-0.35544 -0.40336 -0.04597 0.45103 1.61931 
-0.06852 1.06519 -1.10687 0.75010 -0.19880 
-0.18200 1.16293 0.26142 -0.65392 1.11974 
-1.03838 0.81637 -0.73863 -0.11580 -0.33923 
-1.43787 0.59483 1.05779 1.79915 0.28501 
1.61585 -1.28222 0.03732 0.20648 -0.20546 
-0.95943 -0.68975 1.02941 0.57463 1.06023 
-0.16891 0.97791 0.94942 0.98156 1.27872 
2.09609 -1.01905 0.21353 1.22816 0.02533 
0.24546 -0.12345 1.14362 -1.16545 -1.44181 
-1.15439 0.10150 -0.08107 -0.12955 0.53812 
-0.27369 -0.54849 1.76368 0.09531 1.05794 
1.29841 1.12187 0.44895 0.66307 1.21736 
-0.32397 0.24236 -0.37837 -0.02961 -2.27985 
-1.45423 0.96129 1.23570 -1.06916 0.08688 
0.00397 -0.05719 -0.43064 0.84742 1.31962 
0.37514 -1.06938 -0.73671 -0.15394 -0.03354 
0.68892 -1.33909 -0.19042 -0.38613 -0.63993 
-0.45638 -0.01647 2.01331 -0.51162 -0.64344 
0.66834 1.05419 -0.64755 0.66554 1.12902 
0.83753 -0.00300 -1.61729 -0.04813 0.93611 
-0.36036 -1.61940 0.11223 0.46818 0.37190 
-0.49144 0.37315 -0.61294 -0.24825 0.30765 
-1.49625 -2.33164 1.62543 0.40418 1.53213 
2.36053 0.40022 0.08893 -1.08015 -0.84539 
-1.47186 0.93137 -0.97451 0.46426 0.13836 
-2.06448 0.87366 -1.31969 1.35952 -0.31114 
-1.78721 0.56534 -1.18050 -0.35208 -0.27044 
0.75733 1.13284 -0.03670 2.52982 1.24774 
-0.56369 1.64780 0.33831 -1.60319 -0.41936 
-0.18859 -1.32724 0.34975 -0.73762 2.39902 
0.96416 0.15508 -1.03644 0.47340 0.57220 
-1.23263 -2.00625 0.89698 -0.58885 1.26980 
-1.76114 0.15801 1.59486 -0.45751 1.71796 
-0.94700 0.50909 0.45424 0.95778 1.64068 
-0.22800 2.72269 0.08619 0.31298 1.26696 
0.19907 0.01028 0.65733 0.81363 1.11794 
-2.53722 -1.34171 -0.45747 0.34832 0.11571 
0.57011 0.28437 0.90553 0.40218 0.17686 
1.49087 1.23563 -0.05761 -0.82179 0.92720 
0.10778 0.30140 1.51925 0.73133 0.04160 
0.47904 -0.64426 0.15535 -0.77074 0.44291 
-0.08136 1.44681 -1.95946 -0.30309 1.02528 
0.31565 -0.87462 -0.60494 -0.48873 -0.02615 
0.98827 -0.85502 0.65183 1.17126 -0.76759 
-1.57997 2.02474 0.12587 -0.79562 -0.31503 
-1.37828 -1.82288 1.40889 -1.73519 1.94855 
-0.51864 -0.95585 0.18786 0.25915 1.78127 
0.14400 1.15129 -0.17756 -0.17854 0.61663 
0.59050 1.14796 0.06754 -2.97309 0.21865 
-1.37897 0.98749 0.42979 0.59986 -1.12823 
0.61539 -1.02537 -0.48794 0.10137 1.18333 
1.50318 -1.42115 2.64787 0.98736 1.48913 
-0.39962 -0.35421 1.38540 0.59765 -0.81075 
0.91777 0.07199 0.64865 0.58933 0.18676 
1.38022 -0.07233 -0.53543 -0.44296 0.97313 
1.14976 -1.13890 0.29456 -0.58301 -0.89819 
-0.34348 -1.39741 1.32602 -0.28364 -1.75500 
-1.22770 1.11737 -0.07194 1.69600 0.38599 
1.94186 -0.37945 -0.29269 0.73455 -0.24646 
0.28691 2.35595 0.82247 -0.23103 1.06706 
-0.66322 0.67636 0.33012 0.25595 -0.18689 
-1.00807 -0.63275 -1.02520 0.43662 -0.64211 
-0.19806 0.06085 0.32874 -0.73231 0.49916 
-0.80300 -0.49494 -0.12306 -0.17719 -0.35918 
0.26494 -0.29104 0.25371 2.25995 0.61158 
-0.43238 1.68603 0.64452 0.65621 -1.02097 
0.97545 -1.30065 0.40905 0.11456 1.33669 
-0.35644 0.80918 0.58223 -0.54542 2.87955 
-0.42432 0.22313 0.17173 1.27922 -1.08585 
1.62537 -0.34154 -1.00244 0.57913 -1.32567 
-1.41080 0.75585 -1.09997 0.08817 -0.17445 
-0.73229 -0.07592 -0.91770 0.56739 2.18441 
-0.18553 0.19016 -0.54692 0.42318 -0.00365 
1.68269 -1.17208 -1.47942 -1.76858 0.24852 
-0.28225 -0.03404 1.73335 -0.90899 0.03254 
0.77317 0.58764 0.04666 -0.91363 0.19715 
-0.20279 -0.26891 -0.77386 0.20244 -0.83820 
-0.32470 0.51216 -0.94002 0.59961 -1.07024 
-1.48351 0.75147 1.16988 -0.29452 -0.43256 
-0.55600 1.28259 -0.82301 1.08429 -0.48918 
-0.55001 1.91315 -1.08833 0.09871 -0.01303 
0.53805 -0.46355 0.03116 0.69523 0.21844 
-0.44077 -1.90397 -2.40604 -1.03787 0.53597 
-0.40131 -0.08112 -0.25428 -0.50669 -0.74795 
-1.78497 0.36774 -0.07583 0.74377 -0.64414 
-1.26197 -1.07869 -0.02163 -1.64384 -1.46975 
1.19226 0.27370 -0.43283 -1.36455 0.96908 
-0.20980 1.05962 0.31499 0.54697 0.99140 
-0.29270 0.70799 -2.49711 -0.27578 -1.31698 
1.08568 -0.11974 0.68821 -0.60999 -0.82970 
0.92251 -1.09643 -0.55206 -0.52062 0.24838 
-0.03187 -0.97631 -2.10755 0.75372 -1.07780 
-0.68963 -0.64191 -1.97424 0.63318 1.84609 
0.05395 0.11386 -0.88114 -0.49599 0.52460 
1.89817 -1.23880 1.04883 -0.56097 -0.54289 
0.02097 -0.56490 -2.11772 -1.57733 1.20978 
0.21490 -1.36614 0.52701 -1.65429 0.52689 
-0.91711 -0.82425 0.22524 0.71823 -0.86423 
-0.81313 0.69189 -0.51084 0.83036 -1.18258 
-0.06023 0.46389 -3.04234 1.98222 -0.82399 
-1.32777 0.12390 -0.33101 0.57738 -0.26604 
-0.12165 1.95006 1.27428 0.66414 0.43239 
-0.80611 0.18082 2.41221 0.35344 -1.00028 
0.18570 -1.71572 -3.13142 -0.78553 1.84409 
1.19745 -0.55547 0.43335 -1.11233 0.83982 
-1.03837 0.73025 -0.64045 1.69457 0.15181 
-0.13709 -0.04110 0.69471 0.77024 -0.16066 
0.24109 0.34810 -0.82528 -0.51443 0.79821 
0.87798 0.00148 0.11444 -0.30796 -0.49262 
2.04112 0.67585 -0.16082 0.82249 1.45973 
0.38417 -1.68342 -0.32780 0.46680 0.92385 
2.22942 -1.51630 -0.77254 0.95605 1.61068 
-1.26163 0.19129 -1.03087 0.60167 -0.20406 
0.58564 0.01341 -1.38907 -0.28958 -0.92957 
0.67134 1.45199 0.20466 0.03882 0.31336 
1.31631 -0.15028 -0.54282 -1.98538 -1.74956 
0.15478 1.52044 -0.43159 -0.34594 -0.47794 
2.22587 -0.00328 0.91559 0.63618 0.55034 
0.31027 -0.84028 -0.20346 0.57606 -0.99679 
0.42659 0.08327 1.51925 -0.13134 -1.31978 
-0.71938 -1.07355 3.22980 0.38339 -1.70267 
-1.45501 -0.48829 -1.01934 -2.22083 -0.37006 
1.53650 0.55957 0.26048 -0.90044 1.42263 
-2.13323 0.27166 -1.01374 0.72136 -0.05929 
0.71238 0.31505 1.58863 -0.01944 0.71688 
-0.81564 -0.45978 -0.18673 -2.11619 -0.99946 
-0.17846 -1.88869 -0.05048 -1.16219 1.64507 
0.82319 0.92352 0.70318 1.25379 0.30629 
0.75597 -1.04008 0.81040 -1.76695 -0.18829 
2.23298 0.01202 0.63268 -0.45295 0.44763 
-0.98828 -0.01349 1.17840 0.57237 -1.14991 
-1.17314 -0.07816 0.88182 1.24326 -1.68961 
0.33950 1.24897 -0.93326 1.32249 1.30184 
-0.41120 0.90645 1.36449 -0.82497 0.43358 
2.37495 1.33065 -0.62059 0.05651 -0.51890 
-0.91690 0.00125 -0.21571 -0.41080 -0.18598 
-0.86344 -1.09366 1.47974 0.38358 1.03597 
-0.51118 0.14231 -0.80445 0.09175 -0.01910 
-0.14909 1.08121 -2.62182 -0.73866 -0.64650 
-0.16658 -0.66628 0.32997 0.88331 -0.39227 
0.17368 1.29694 1.20873 -1.35229 2.14351 
0.81752 -0.95890 0.95363 -0.65062 -1.31887 
0.20369 -0.18296 -0.75962 1.44331 0.71504 
2.42166 2.10688 -0.93279 -1.01286 -0.74054 
1.08945 -0.63585 -0.48262 -1.21319 0.53028 
-1.08932 -0.12484 -0.52733 0.06751 0.21559 
-0.82471 -0.83604 0.29295 -0.59446 -0.73806 
-0.09122 0.78910 0.82721 -0.82362 -0.47288 
2.66435 0.22836 0.27015 -0.92179 1.20671 
1.36715 0.74028 -0.90183 -0.59530 -0.53540 
-0.28765 1.74426 -0.18084 -0.05364 -0.13894 
2.87592 0.98563 -0.24561 -0.53001 -1.09316 
-0.10244 0.40455 -0.52169 0.42773 -0.20141 
1.68868 0.23874 0.50322 2.03746 0.09701 
-0.50087 -0.59259 -0.96952 -0.77916 -0.93349 
-0.79037 -0.55159 0.52629 -1.79256 0.44938 
0.01663 -1.25105 -2.32550 0.71868 0.04338 
0.78093 2.14452 -0.17473 0.93600 -0.37482 
0.61658 0.79387 -0.38852 0.66705 -1.08424 
1.82675 1.33035 0.19188 1.00610 1.96311 
-0.24512 0.92890 0.93268 1.79471 -0.23582 
0.52575 -0.00736 -0.91690 0.52430 -0.36941 
0.63961 -0.67335 -0.46561 -1.96413 0.19643 
-0.21364 0.01033 1.43340 1.72314 0.81049 
0.16351 0.42295 0.99039 0.81434 0.77238 
-1.16438 -0.77323 1.38093 1.16301 0.52894 
-0.50679 0.24260 -1.40742 -0.69775 -0.77420 
-0.79618 -0.42015 1.15188 0.20762 -1.50840 
-0.60968 -0.19359 1.10333 -1.55882 0.32352 
-0.28760 0.21954 -0.43317 2.33738 0.00831 
0.61435 0.09958 -0.10889 -1.69125 -0.02701 
-0.71221 -0.92393 -0.33313 -0.70498 1.31173 
0.13331 0.50534 -1.48733 1.12171 0.30608 
0.33137 0.79506 -1.04806 0.31943 0.35775 
-1.22105 0.79314 -0.41059 0.49973 -0.85593 
0.97586 2.36900 0.20990 1.21367 0.37612 
0.58829 0.13736 0.17259 0.75566 1.98344 
-1.06145 0.87323 0.25775 -1.49656 -0.81994 
-0.08382 0.81691 2.42876 -1.09776 -0.25087 
0.90434 -0.47738 0.83984 -0.77298 -1.08456 
-1.96819 0.55328 -0.97000 0.62917 0.92230 
0.24625 1.35994 0.49177 -0.71989 1.57248 
0.13103 -0.24821 -0.41451 1.76415 -1.41819 
1.40336 0.05301 -0.93963 -1.27494 0.08288 
-0.15228 0.94021 -1.35851 0.53779 0.20089 
-0.58481 -0.52034 -0.91344 1.22256 -0.46879 
0.16294 -0.88077 0.76325 0.10207 2.05912 
1.47807 1.95515 -0.82437 1.17159 0.75988 
0.92654 2.23917 0.60764 -0.65552 -1.17952 
0.23690 0.70637 0.93966 0.28446 -1.88929 
1.91675 -2.53255 0.04035 -0.11888 -1.37102 
0.79601 1.22046 -0.87952 0.52749 0.75740 
0.75439 1.45722 -0.10114 -0.43486 0.56037 
0.70082 -1.10365 -1.47986 0.15428 0.89000 
-2.18873 0.93838 -0.09826 0.34687 -0.23055 
-0.19919 -0.05678 0.91557 0.14162 -0.41929 
-0.21185 -1.10747 1.02954 0.11135 0.27332 
1.69955 -0.39766 -0.12878 0.47397 -0.59643 
0.74266 -0.92229 -0.58299 -0.23956 1.18154 
-0.29591 0.20790 0.24985 2.37030 0.00955 
-0.91780 -0.27911 -1.58659 -0.59200 -0.94946 
-0.25773 0.84593 -1.68179 1.48234 -0.95726 
1.24867 0.27601 -1.13126 -1.07651 0.46012 
0.81484 -0.61895 0.75537 0.34105 -1.02713 
-0.21647 -0.04201 -0.91729 1.21648 0.21901 
1.67199 -1.00248 -0.45186 0.54588 0.60740 
-1.90213 2.04153 -0.39703 -2.12244 -0.85508 
-0.96490 0.96829 1.74376 -1.62542 0.83480 
1.06345 0.82216 0.65134 0.53963 -1.08943 
-0.21093 -0.93725 0.48554 -0.07963 0.44509 
0.11828 0.20644 -0.80273 -0.77662 0.41791 
-0.15281 -0.96096 -0.19030 -0.78884 1.29578 
0.58264 -1.04065 -0.07944 -0.82694 -1.95667 
1.13698 1.40031 -1.55636 1.28754 -0.67691 
1.58247 0.56990 0.43284 1.61824 0.91551 
0.56646 0.05370 -0.92425 -0.99100 0.55801 
1.90334 0.50821 -0.51781 1.41131 -0.29361 
-0.02400 1.03233 -0.42629 -0.29663 0.40250 
0.53246 -0.66877 -1.48627 -0.73768 1.99063 
-0.52128 1.80554 1.83458 -1.55709 1.28738 
0.75939 0.90823 -0.30853 -0.03558 -0.10543 
0.94424 -0.65204 -0.50442 -0.18149 -1.42585 
1.02882 -1.33382 -0.47473 0.84313 -0.02882 
0.49345 -0.70525 -0.97214 -0.07984 2.19066 
-1.85603 1.35502 -0.46776 -2.10560 0.20185 
0.28124 0.40299 -0.76676 -1.18197 0.39393 
1.10541 1.32132 1.29249 0.63031 0.62991 
-0.63453 1.57401 0.06469 -0.92140 -0.49704 
-1.18493 -0.08443 -0.81442 -0.02045 0.69409 
-0.53816 0.45749 1.18398 -0.46481 2.36999 
1.26256 -0.69712 1.60413 1.04261 0.62857 
1.39864 0.71819 -0.99871 -0.36625 0.62724 
-0.03131 1.04829 -1.81144 -0.42618 -0.40056 
1.43471 -0.33620 -0.74798 0.89647 -1.49886 
0.88109 0.60661 -1.16679 -0.46350 0.03594 
-0.37653 0.11512 1.00548 -3.12974 -1.76127 
0.52134 0.47780 -0.56189 0.53200 -0.80106 
0.27665 0.21499 -1.00044 -1.30229 -0.07811 
-2.22910 -0.53626 -0.50951 -2.33845 -0.84315 
0.05616 -1.83879 1.02487 0.61951 -1.09343 
-0.21512 -0.27050 -0.22425 0.95191 0.56565 
0.15084 -1.73905 0.87771 -0.84769 -0.45655 
0.06287 1.39836 2.18435 0.49054 -0.94615 
0.18300 -0.10732 -0.05084 1.82893 -0.60784 
0.73726 -0.53618 0.17207 0.76275 0.26791 
-0.71163 -0.21504 1.54429 0.45664 -0.57298 
0.02524 1.83804 -0.78549 -0.72186 0.68410 
0.70975 -1.68730 1.07363 0.03167 1.01476 
-1.59161 0.13691 -0.72836 -0.85239 -0.93554 
0.20286 -0.33269 -0.67573 -1.54892 0.77869 
0.41407 -0.76144 -0.66451 -0.30300 1.08101 
0.03265 1.86299 -1.88741 -0.35171 0.04019 
-0.60086 -0.52120 -0.34405 0.00115 -0.35040 
-0.26000 -0.33675 0.58372 0.90833 0.08050 
1.06230 -0.67961 -1.17851 0.58924 -0.22850 
0.90661 -0.68922 -0.10615 0.15962 -0.85523 
0.63834 -0.63924 1.11465 1.42545 0.09195 
-0.32677 -0.59507 -0.74482 0.26692 -0.46400 
-0.57397 -0.67018 0.73364 -0.25759 0.10458 
0.27126 -1.32249 0.80102 -1.22782 0.84504 
1.54634 0.08494 -0.13255 -0.49069 0.86342 
-0.81460 1.58255 -1.14221 0.98124 -1.24177 
0.59980 -2.63337 -0.48905 0.77156 0.37101 
0.66413 -0.61320 1.09519 -0.02892 -0.73359 
1.29607 1.41891 -0.20563 -3.24829 -0.92483 
1.71682 -1.74128 -0.16012 0.29204 2.02347 
-0.21654 1.71165 1.43915 1.17620 0.04779 
0.38468 -0.23545 1.09773 -0.29872 1.10081 
2.25108 -0.24631 0.31587 -0.18170 1.38015 
-0.20859 -0.36361 -0.78745 -0.20191 1.23861 
-2.26630 0.29350 -0.05640 1.35880 1.01574 
-0.19860 -0.62198 -2.15232 0.65923 -1.07682 
1.33048 0.20583 -0.25225 1.25798 -0.98039 
0.63452 0.02588 0.27682 -0.38660 -1.44268 
-0.50709 1.35056 -0.39267 0.90555 -0.00261 
2.61017 1.46022 -0.15040 0.17936 -0.68042 
0.49370 0.20852 0.26207 -0.00834 -0.04726 
1.19566 2.04011 0.18225 0.55860 -0.91661 
-0.39212 0.21411 0.38516 1.44132 1.20962 
-0.76092 -1.40621 0.14129 -1.78367 0.25085 
0.75589 -0.13605 0.58498 0.10425 2.15032 
-3.07905 -1.74678 -0.64393 0.31070 -1.34808 
1.21722 0.30668 -0.20386 -0.73414 0.87434 
0.60309 -0.57036 0.91168 -1.97045 -0.00933 
-0.13783 -0.82204 -0.08438 0.67662 -0.80563 
-0.92367 0.37303 -0.16637 -0.96633 0.25971 
1.43265 -0.47710 -0.00662 0.00862 -0.16984 
-0.24193 -0.04007 -1.08073 0.20359 2.80029 
-0.69268 -0.82450 -0.69816 -0.08243 1.69457 
1.69327 -0.99684 -2.13208 1.49920 -0.08437 
0.18981 -0.69094 0.47298 2.68855 -0.56575 
-0.29745 0.43881 -0.25772 -1.01607 -0.18994 
-1.78273 0.17440 0.72860 -0.58639 -0.98607 
-0.56471 -0.03431 -0.16373 -0.83811 -0.15852 
1.46363 -1.20852 -0.94120 0.97362 0.24278 
0.14840 0.06549 0.59069 0.35498 0.49591 
-0.35191 -0.16306 -0.05268 -1.47104 -0.14307 
-0.05345 -0.23756 1.88425 -0.15261 -1.44787 
0.68561 -0.09709 -0.33163 -1.08806 -1.31837 
0.38951 0.42673 1.30711 1.07823 0.56260 
0.56630 0.77656 -0.12322 -0.31979 -1.99389 
-0.78681 0.17061 0.91254 1.96395 0.15504 
0.23810 0.18969 0.00560 -0.20146 -0.01860 
-0.67378 -0.48775 -0.91695 0.60456 -0.31491 
-0.81589 -0.49467 0.40478 0.37598 -0.63531 
1.21072 -0.39198 -0.36736 0.04365 -1.58460 
0.22325 0.41417 -1.14264 1.06501 -1.24187 
-1.45546 -0.75999 -0.35902 -0.67279 -1.77395 
0.10622 1.23927 -1.29283 -0.59246 0.61375 
-1.07978 0.19471 0.16011 0.61392 -0.58773 
-0.46090 0.29791 -1.28047 -1.16104 -0.50636 
1.85371 0.95425 0.31474 0.37526 -0.34772 
-0.37851 -1.59612 1.24810 -0.34388 -0.69443 
-0.46604 -0.46782 -0.81077 2.06224 -1.01596 
-1.43881 0.36952 0.54111 0.12750 1.48306 
-0.38343 -0.62977 0.02000 -0.70201 -0.47331 
-0.71659 0.41887 -2.28451 0.48612 -0.97339 
-0.56956 0.83432 -0.17732 1.19519 -1.06693 
-0.04336 -1.29221 0.50165 -0.33481 0.10459 
-0.58899 0.61872 -0.48800 1.49138 -0.53300 
0.96617 -2.14685 0.62136 -1.33086 0.44254 
-0.25719 -2.17036 -1.04368 0.96554 -1.58064 
-1.14582 1.10172 -0.15044 -0.71953 0.49169 
1.24481 0.13212 -2.59705 0.36939 1.00106 
0.61831 1.66996 -3.54420 -0.71083 0.62441 
0.48950 -1.59806 -0.14614 -0.12366 0.42492 
-1.98994 -0.45660 0.43978 0.60960 1.01692 
0.64882 0.07816 -1.29193 0.61214 -0.66717 
0.82354 0.65987 -2.22964 0.89366 -1.00969 
-0.36836 1.68701 1.61136 -0.52313 -1.70226 
-2.58827 -0.30066 -0.63830 -2.11138 -0.71050 
0.34761 -0.92887 -0.10085 -0.64508 0.88784 
2.09254 0.00781 -0.36143 -1.07749 0.26857 
1.21331 -0.82347 -0.08618 0.76486 0.43841 
0.90622 -0.09902 -0.63839 0.08025 -0.61672 
-1.78080 -0.14485 0.40387 1.30436 0.19746 
1.25290 1.04694 1.51341 -0.59966 -0.37972 
1.19664 0.23365 -0.13013 1.62466 -1.38735 
-0.10984 2.28241 -0.54303 0.76418 -0.07710 
-1.53175 -1.26014 0.60062 -0.13861 0.48929 
-0.78983 -0.38344 -0.10007 -0.97628 1.29937 
0.15479 -0.58615 -0.78442 1.06957 -0.43116 
-0.56657 -0.11774 0.11334 1.15060 0.26996 
-0.31782 1.14883 1.47837 1.78163 -0.36961 
1.26997 0.47285 0.68543 -0.88284 -0.16353 
1.22891 -1.28364 -0.86067 1.32583 0.33216 
-0.61383 1.81253 -1.67883 -0.44360 0.08734 
0.21932 0.29677 -0.08970 -0.99568 -0.10887 
-1.04959 -0.84095 -0.35230 -0.68582 1.20809 
0.86268 -1.29317 -0.31700 0.40595 0.42172 
1.82723 -1.62876 -1.35761 -0.06519 -0.04130 
0.59148 -0.16577 -1.43836 1.26046 -1.02355 
0.58530 -0.46735 -0.50782 -1.17834 -0.62293 
-0.09568 0.09860 0.68354 0.52399 -0.11693 
2.06730 0.69730 -0.73490 1.98839 0.03098 
0.32052 1.18886 0.72748 0.40943 -0.38245 
-0.41020 0.80412 2.10909 -0.52843 -0.35650 
1.20883 -0.36250 -0.53050 1.55410 -0.87283 
-0.08960 0.64363 -0.96266 0.70541 -0.58457 
-0.39890 -1.14249 0.36523 -0.67393 0.42484 
0.74943 0.77003 0.13828 -0.28523 1.85462 
0.18284 -0.41555 1.98617 0.59556 -0.98274 
-0.70146 -0.15956 0.72413 0.39968 -0.30119 
1.63373 -0.08841 0.40175 0.08788 -1.05744 
-1.37519 -1.60582 1.32316 0.13926 0.58517 
-0.15708 0.46981 0.63617 0.49607 0.27881 
0.42889 0.04483 0.35305 0.70617 0.39663 
0.32889 -0.75111 0.47764 0.22937 -2.16710 
-1.71324 0.58916 0.69533 -0.07684 -0.63383 
-0.28746 0.96005 -0.36680 0.72540 -0.89102 
0.67017 0.37074 -0.43596 1.24555 -1.38314 
-0.22791 0.65592 -0.38052 0.91450 -0.11079 
-0.88308 1.96620 -0.58219 0.20323 -0.20204 
0.57387 0.54257 0.87982 -1.55141 -0.09277 
0.28708 -0.44596 0.77419 0.71702 -0.68927 
-1.09238 -0.24908 -0.17602 -0.45376 0.63185 
-0.22921 1.79085 -0.84085 -0.20798 -0.38201 
0.28378 -1.36261 -0.36895 -0.38417 -0.74850 
-0.05765 0.22177 0.72379 0.81499 0.55375 
0.96911 -0.06808 0.05117 0.32396 0.48466 
0.68301 0.42255 -0.85469 -0.45149 0.55308 
-1.57575 -0.28468 -0.80606 1.55993 0.01789 
0.05795 -0.47787 -0.05358 0.31356 0.35705 
-0.13803 0.99168 1.60779 1.36858 -0.26217 
1.11082 1.65397 0.58837 -0.25531 -0.38326 
0.68498 -0.17552 0.28095 -0.59302 0.63028 
0.95423 -0.11810 -0.06028 1.17182 -0.32835 
-0.44853 -0.26930 -1.38836 1.10149 1.07509 
-1.64813 0.10441 1.29044 -0.69629 0.45597 
-1.02093 0.62502 0.73648 -0.13730 -0.54329 
1.46228 1.97562 -0.00719 1.42323 0.56895 
-0.90490 0.14577 -1.28849 0.81513 0.55899 
0.44159 0.76688 0.60715 -0.32360 0.33572 
1.49734 -1.53508 -0.27509 -1.14461 -1.78052 
0.41820 -1.58544 -2.18258 0.87357 -0.77120 
0.54350 -0.67372 0.84843 0.53678 1.08013 
-0.51320 0.40095 -1.24537 1.46013 -0.88739 
-0.43574 1.51631 1.57143 0.61904 0.94510 
-2.87379 0.17217 2.25990 0.15371 0.62171 
0.79898 0.66124 0.06705 -0.68816 1.39892 
-0.35246 1.43534 -0.00108 0.48351 1.05162 
-0.02492 0.38898 -0.12061 0.16162 1.10689 
-1.61296 0.40425 -0.77380 -0.92226 0.03772 
-0.16933 1.52729 -2.29444 -0.71149 0.65737 
-0.32349 1.17216 0.74913 -0.13465 0.26748 
-1.33197 0.03322 1.51311 -1.35517 -1.00985 
0.48728 1.46608 -0.80548 0.23877 -1.64936 
-0.35667 0.01204 0.02857 -0.22035 -0.34209 
0.40121 -1.29731 1.13131 0.26286 0.12449 
-1.00042 -0.25093 -0.13093 0.15161 0.40647 
1.60461 -1.50153 0.02234 -1.90009 1.32843 
-1.22519 -2.16320 1.41947 0.51363 -0.32214 
0.31212 2.30229 -0.47711 1.17296 1.01201 
-0.85018 0.61064 1.46778 0.97972 -0.12920 
1.77367 -0.46171 -0.19512 0.16554 1.40077 
0.78042 -1.76051 -1.10206 -0.03779 -2.07502 
0.38576 1.26180 0.77710 -1.20175 0.24305 
-0.77045 2.18814 -1.05469 -2.25420 -1.86674 
-0.10966 -0.14249 -0.33082 0.61158 0.75107 
1.19069 0.25474 1.39039 -1.89972 0.20527 
2.07572 -0.16054 -0.21520 -1.28699 -0.19404 
-0.90463 -0.24825 0.87537 -0.68714 -0.92056 
0.47370 0.35889 -0.54986 0.84279 -0.25054 
-1.59730 -1.40987 -0.44777 0.31405 -1.24814 
0.28172 -1.03979 0.05348 0.34376 -1.56859 
0.05992 -1.23242 -0.51620 -0.46525 -0.01699 
0.69763 0.49750 -0.26030 0.63272 0.34730 
0.79777 0.08904 0.41400 -0.22148 -1.46548 
0.57864 -0.37223 1.46575 1.03967 0.02192 
-0.43271 0.75676 -0.80821 1.44791 0.31416 
-1.57936 0.01458 0.56193 -0.97484 -1.62408 
0.11423 -0.26514 0.48189 0.20274 0.15907 
-0.55583 -0.98524 -0.88511 1.38844 -1.00122 
0.60021 2.70908 0.49538 0.19808 0.06261 
-0.63611 -0.64518 1.42199 1.65551 0.73866 
0.63768 0.11769 1.17082 2.42509 -0.07417 
2.13983 -1.72131 1.10351 -0.10848 -0.66411 
1.82759 -1.95566 0.26004 -0.92841 -0.41848 
-0.33736 0.43006 -0.26388 0.60979 0.14004 
1.86586 -0.01868 -1.31420 -1.33715 0.07429 
-0.32563 0.23819 -0.19872 0.02836 -1.03001 
-0.20068 -0.97076 1.96325 -1.17637 -0.08237 
1.35647 -0.44253 0.40202 -0.82209 -0.97995 
0.34329 -0.69413 -0.92497 0.13741 -0.92324 
-0.60573 0.18270 -0.29658 -0.84047 0.44377 
0.44103 -0.60645 0.19574 2.26025 -0.32489 
-1.80121 1.56700 -0.68919 -0.34467 -0.94620 
-0.18889 -1.00030 0.18726 -0.99446 -0.39061 
0.08914 -0.85269 0.02175 -0.13991 1.14598 
-0.01888 -0.46648 0.63467 1.04468 0.96943 
-0.43649 0.77259 -0.71887 -1.08932 -0.16627 
2.02169 0.67433 -0.91610 -0.29995 0.03872 
0.33792 0.31629 1.22204 0.34755 -1.16438 
-0.33732 1.34459 0.57753 0.47377 -0.96434 
-0.99819 0.40016 -0.90730 -0.98027 -0.22757 
1.42491 0.48057 0.33480 -0.80606 0.95297 
0.90585 -0.65095 0.02412 1.16113 -0.22908 
0.75758 0.94710 0.16146 -0.27881 1.55300 
0.77722 -0.42042 -1.18425 0.71279 -0.76460 
0.65619 -1.03365 1.28873 0.84025 0.56611 
0.02947 0.80309 0.31056 0.39015 -0.04153 
-0.02017 1.03599 1.34276 -0.52264 0.27462 
-0.31361 0.29513 0.51584 0.60947 0.05554 
-0.55484 -0.50250 -1.51000 -0.26223 0.91382 
1.13161 0.65012 -2.40510 0.70884 -1.04486 
-0.40707 -0.41380 0.25480 2.21500 0.64168 
1.13333 -0.23731 1.31538 0.73712 -1.36625 
-0.30695 -1.11168 -1.51055 -1.36264 -0.50232 
0.34881 1.63577 0.74092 1.03341 -1.54082 
-0.10235 -0.30582 -0.47017 0.69377 0.89216 
-0.55251 -0.01207 -0.58054 -0.55709 -0.45413 
-1.11545 -0.11319 -0.52561 -0.43186 -0.89338 
-1.63489 1.02675 1.24693 -0.12401 1.91200 
-0.73255 0.31361 -0.20904 0.58557 0.25525 
0.87260 -1.03014 0.83579 0.29827 -0.19686 
1.24637 0.61750 -0.81054 -1.44706 0.34422 
1.15829 -0.92546 3.33387 -0.11689 -0.44217 
0.80661 0.03202 1.12134 -1.49864 -0.43329 
0.87879 -0.16910 1.15341 -1.33367 2.63683 
0.41375 -0.59600 1.30655 -0.41234 -0.45099 
1.08270 -0.45314 0.57268 -0.22291 -0.19283 
-1.93882 -0.07555 0.07822 -0.81220 -0.46147 
1.35636 0.11166 -0.80143 0.58919 1.37585 
0.02816 0.20589 -1.12270 -1.20947 0.65622 
1.13341 1.33718 -0.88917 -0.50064 -1.38029 
-1.01895 1.31559 -1.43014 -0.45719 1.02609 
0.16625 1.10762 0.22477 0.69043 -0.59936 
0.83667 0.22868 -0.77045 -0.12393 -0.97430 
-0.23116 0.35021 1.98128 -0.20547 -1.05178 
1.32104 0.04571 0.85026 -0.23044 -1.86664 
-0.02414 0.19785 -1.26726 0.45183 1.00351 
-1.63609 0.71770 0.73277 -0.66623 -0.14853 
0.59549 -0.31519 -3.09671 -1.09060 0.92643 
0.06679 -1.15064 -0.05746 0.77001 1.80316 
0.58859 -1.37392 -0.93930 1.59329 0.39283 
-1.79208 1.48377 1.35061 -0.27258 -0.81256 
-0.98366 0.42410 0.73498 -0.19363 -0.54345 
-1.59301 0.30671 -0.81763 0.73408 -0.46333 
-0.01689 0.62577 -0.49658 0.04122 0.63781 
-0.18654 -0.97331 -0.23439 -2.31387 0.19451 
0.04269 -0.64044 0.58864 2.03600 0.56123 
0.92600 0.10082 -0.50335 -0.00445 -0.88563 
-0.26175 0.72672 0.91995 -0.44677 -0.48331 
0.34715 0.93860 -0.46446 0.16366 -0.98426 
-0.23447 0.18287 -1.17224 0.79503 2.08806 
-0.58044 -1.20865 1.58810 -0.28266 -1.95771 
0.69580 -0.37263 0.94343 -0.60370 -0.08753 
0.62029 1.04432 1.10615 -0.95940 -1.23896 
0.32654 -1.51247 -0.45795 0.71627 -1.15792 
1.29719 0.56969 1.88630 0.30730 1.67905 
-1.22233 -0.78612 -1.31088 -1.11534 0.23254 
-0.64998 0.19805 -2.97143 -1.12827 -0.22747 
-1.11314 0.30843 -0.15599 -0.39580 -2.95420 
0.98622 0.27060 0.40804 -0.14446 1.23728 
-0.29229 -0.41136 0.58999 0.90485 -2.08703 
2.16510 -0.79422 0.08688 1.52373 -0.53615 
-0.72432 -2.26166 0.73081 0.17409 -0.29360 
0.55038 -1.23034 0.68244 -0.39353 0.16138 
-1.11996 -0.58224 -0.18311 0.12644 0.73475 
-2.25776 0.46451 -1.32440 1.31789 1.59019 
1.88390 0.36755 -0.31880 -0.53375 0.76010 
-0.94410 -0.67615 0.33210 -0.77960 0.61494 
0.36476 -1.18173 0.24118 -0.72767 0.17276 
-2.70112 0.10407 -0.86712 1.66128 0.38261 
0.75239 1.05928 -0.31188 -0.29114 -0.65542 
-1.67531 1.24116 0.93120 0.43567 -0.02572 
-0.41939 1.13597 1.36755 -0.17036 0.38147 
-0.88915 0.99065 -1.76478 -1.44370 0.58425 
-1.54386 -0.28942 0.72679 0.09811 -1.34492 
-1.46184 -0.02452 1.48159 -0.76623 0.08948 
0.01328 0.18897 -0.47886 0.67965 -0.33068 
-0.08217 0.58013 -0.03433 -0.11025 -0.62774 
0.50654 0.04034 -0.63615 0.43599 -0.13965 
0.40297 1.24588 -0.26225 -0.51669 -1.38322 
-0.52931 1.10404 1.75955 1.99423 0.52700 
1.37981 -0.41809 -0.23543 0.81165 -0.88118 
-0.62042 -0.06011 -0.99494 0.98741 1.05771 
-0.30107 0.63809 0.27664 -0.59206 1.12062 
0.99998 0.43756 1.48217 0.89315 -0.82624 
-1.15174 -0.47559 0.01035 -1.28602 0.69907 
-0.15135 1.96244 1.12539 0.02536 -0.87341 
0.85346 0.01526 -0.20882 0.20578 -1.85358 
-1.70770 -0.44753 -2.03669 -1.66629 -2.17896 
-2.09257 1.39965 -0.04862 -0.75618 -1.12255 
1.29539 0.77247 1.07037 0.33839 -0.72934 
-0.74842 -0.70778 -0.34387 0.69002 -0.14721 
-1.78741 -1.13381 -1.29157 1.13571 -0.19028 
-0.48374 -0.80077 -0.74873 0.87483 1.43790 
-1.35878 -0.95264 -0.96233 0.18205 0.20591 
0.29325 0.82469 -0.85698 0.20015 1.16314 
0.95936 -0.46894 0.54755 -0.27731 -1.58608 
0.57717 -0.66090 1.29036 0.92829 0.20693 
-0.70230 0.39974 -0.20413 0.56000 0.07489 
1.03569 -1.65637 -1.22922 0.87212 0.89892 
0.16492 0.25735 0.26829 -0.19646 -0.26199 
-1.27306 -0.11070 -0.34147 -1.10961 2.36049 
-0.34238 0.53941 0.35831 0.95476 0.39013 
-0.50044 -0.99113 -0.18931 -1.69410 0.40310 
1.02061 0.20609 -0.88256 0.91305 0.56160 
0.70547 0.65378 0.62420 -0.60050 -0.02502 
-0.38976 0.61509 -0.88653 -0.59484 -0.05605 
-0.87867 0.69260 1.01389 -0.70562 -0.81233 
1.72224 -0.35005 1.26442 0.49784 -0.93364 
0.77477 1.07286 1.17094 -1.51813 0.80369 
0.52030 -0.88309 0.08510 -0.77062 -0.05205 
1.93974 -0.52063 0.97012 0.33296 -0.14249 
1.27231 -1.53788 -0.17576 0.51656 -0.70631 
0.55291 -0.38955 2.15113 1.83201 -0.70908 
0.65623 -0.04228 -0.62773 0.03791 -0.22034 
-0.58540 -0.03648 0.30536 -0.56197 -0.32952 
-1.61224 0.22330 0.08590 -0.93581 0.98932 
-1.41769 -0.34910 -0.73880 -0.06541 -1.11675 
1.19470 -0.00842 -0.93813 0.94242 1.20857 
0.11915 -0.22873 0.09518 0.04712 1.44935 
-0.63453 1.09807 0.29369 -0.96070 0.17239 
1.24727 0.12229 1.06082 -0.47947 0.83230 
1.12722 0.42280 1.08261 1.25000 0.69372 
1.42293 -1.21705 0.36211 -0.11130 0.67034 
-0.81958 -1.14231 3.01206 1.01135 0.02394 
-0.04294 0.79231 -0.12727 0.71712 -0.31733 
0.35388 -0.28254 0.41843 -0.34679 1.30105 
-1.31160 -2.27428 0.03548 0.23177 0.25897 
-1.68005 -0.60314 0.30287 1.06009 0.46917 
1.61533 -0.74230 -0.53353 -0.71149 0.27068 
0.77392 0.90083 -0.04417 -0.12036 0.52312 
0.19338 0.82047 -1.80641 -0.42953 -0.43875 
-1.45585 2.92344 1.15640 -0.72901 0.02394 
0.28818 0.20586 2.22763 -0.56720 1.45037 
-1.34166 0.18730 -0.11427 -2.02638 -0.12923 
-0.74340 -1.00820 0.50608 -0.07252 1.10411 
0.67547 1.39974 -0.49175 1.19702 -0.79906 
0.22010 1.31111 -1.28314 0.04453 0.24894 
0.43803 -1.12775 -0.25712 0.67064 2.27639 
-0.90058 0.64148 0.70568 0.79989 -0.11427 
0.23762 0.66817 0.14885 1.82635 1.10562 
1.02666 -0.29015 -0.60084 -0.45589 -0.67401 
0.05685 -1.69801 -0.23212 1.08297 0.05844 
-2.45571 -0.35817 -0.89200 -0.23667 0.10934 
0.94759 -1.25887 1.14194 -1.90055 0.06524 
1.72761 -0.64851 1.35298 0.39825 0.70343 
-1.59703 1.19996 0.50152 0.05900 -0.68196 
0.43696 -0.82529 -0.19845 -0.12223 0.14832 
-0.29610 0.47562 -0.18785 -1.13401 0.73024 
-0.83963 0.25656 -0.34590 0.77071 0.06075 
-0.57849 0.49651 0.72723 1.08679 1.57693 
-0.21563 -0.41893 -0.10017 -0.85824 -1.38243 
0.57839 -0.67620 0.33390 1.30038 1.31106 
-0.10609 0.39441 -0.16542 -1.07924 -0.93231 
0.16286 -0.67375 0.68743 -0.74071 -1.68664 
0.25756 0.70201 -1.68058 -0.89251 0.15399 
0.60079 1.63661 -1.30009 0.36467 -0.04811 
-0.84628 0.38142 1.10856 1.50654 -0.24283 
1.68948 -0.67655 0.25394 1.26903 -0.72964 
0.48011 0.64467 -0.61246 0.34927 2.46930 
-1.48166 -0.93523 -0.69988 -0.02614 -0.95397 
-0.98311 0.62024 0.42034 -0.50008 -0.41038 
-0.13715 -1.85755 0.96337 0.56192 1.03771 
-0.53964 1.25979 -1.62842 -0.84585 -0.09680 
-0.41973 0.35226 1.06714 -0.28274 0.00934 
1.30042 -1.07490 0.30321 0.49963 -0.08460 
-0.52525 0.22399 -1.46517 -1.35337 0.01088 
-0.44101 1.08797 -0.72750 -2.32228 2.25068 
0.51890 -0.16906 -0.34341 1.12446 1.13946 
-0.99276 -0.01982 -2.02608 0.45738 0.33642 
2.05376 1.25020 -0.50886 -0.11112 0.32025 
1.41902 -0.15208 -1.73354 -0.02618 -2.05219 
0.49328 -0.17321 -0.05978 0.46444 -0.69062 
0.54246 -1.46830 2.59453 -0.82692 0.34660 
0.17552 0.87986 -0.16049 0.84863 1.22654 
0.10936 0.00340 -1.13031 -1.93142 -1.53845 
-2.11916 0.07747 -1.37016 0.88937 -0.76621 
-0.47992 1.30984 3.16305 -0.33799 -0.16444 
-1.66882 -1.29879 0.27297 -1.36705 -0.72026 
-0.01145 -0.23087 0.93772 -0.78547 2.70280 
0.54197 -0.91470 0.27901 -0.95188 1.03800 
0.41121 -0.98658 -1.80019 1.64812 -0.88698 
-0.60507 -0.04800 -2.41100 -0.30900 -0.57268 
1.42699 0.99793 1.24435 1.12819 -0.56040 
0.40445 -1.30046 -0.69291 0.40518 -0.53121 
0.08767 0.72688 -0.71436 -0.07028 -1.55730 
0.02937 -0.36430 -0.32271 0.63874 -0.32397 
0.05721 -0.15555 0.97938 2.76263 2.21589 
-0.63195 -0.95310 -0.02785 -0.58122 -0.94206 
-0.51082 -0.88165 2.28579 -0.48788 0.96894 
0.46049 0.61991 -0.09114 0.42867 -1.37332 
-0.90820 0.61228 -0.01624 -0.02114 -0.34434 
-1.84431 -0.00772 -0.93974 0.10771 -0.72766 
0.87896 -0.79264 -0.48576 0.05332 0.55362 
0.77590 -0.16085 0.07814 1.63274 -0.13549 
0.50684 2.82336 -1.08831 0.82827 0.77382 
0.60962 -2.44682 -0.11623 2.05691 -1.17721 
0.17280 -0.49312 0.20990 0.63603 0.95054 
-1.89376 -2.25933 1.98698 -0.56572 0.28129 
0.05243 1.15647 -0.89461 -0.81856 -0.42986 
-0.40605 -1.36299 -0.44065 -0.70949 0.97035 
-0.24485 -0.29593 0.76436 0.27213 0.69121 
1.54614 -1.33665 1.28938 0.52577 2.52048 
-1.42084 -0.51124 1.12853 0.20868 0.25121 
0.05418 -0.56976 2.61340 0.35107 0.13064 
0.26215 -0.74400 0.27574 -0.86048 -0.79144 
-0.42232 0.25586 1.49827 -0.07073 -0.17786 
-0.62255 -0.13555 -1.26939 -0.61511 -2.08917 
-0.78426 -0.60516 -1.17258 -0.48615 -0.39897 
0.68539 0.32312 0.67959 0.56899 -1.36046 
0.70011 0.06303 0.26262 -0.23606 0.49188 
-0.38574 0.39284 -0.28164 -0.27273 0.18302 
0.66998 -0.77336 0.54127 0.16656 -0.53443 
0.03384 -0.38558 -0.19172 0.42441 -0.08324 
2.06952 -0.47545 0.16165 0.59658 0.21574 
1.40912 0.39215 0.89326 -0.46786 2.12912 
-1.10304 0.41336 0.69878 1.69005 0.51851 
2.29161 -1.62893 0.36235 -0.28310 -0.66749 
-0.29284 0.11157 0.23958 0.52647 -0.71963 
-0.26335 0.10431 -0.48728 -0.01280 1.13421 
-0.93258 -1.06851 -0.42114 0.68528 0.32809 
-0.11947 -0.71836 -0.02902 -0.29588 0.76354 
3.00171 -0.19609 -0.34510 0.08849 -1.38791 
0.48040 1.19360 1.54201 1.29041 0.63143 
-0.08895 0.59729 -1.13676 -1.02004 -1.58221 
-0.49627 -1.82220 -0.12964 0.79672 0.93693 
0.07139 -0.01766 -0.50028 1.54906 -1.07920 
1.70577 -0.61113 -0.96745 0.20853 0.59857 
-1.86656 0.93974 -0.28925 2.21492 -0.83750 
1.09544 -0.65398 0.09840 -2.04748 -1.93575 
0.69132 0.74707 -0.10217 0.07871 -0.08976 
-0.78917 -0.84434 -0.43623 -0.01307 -0.26152 
0.40417 0.79525 -0.88313 1.98206 1.15759 
-0.25686 0.24173 0.69060 0.35128 0.19985 
1.09069 -1.50833 0.21309 1.22717 -1.38517 
0.35638 2.09413 -0.28108 0.19200 3.40855 
-0.08311 1.58660 0.05382 -1.29152 -0.65186 
0.73508 1.54760 -0.49176 0.89513 -2.44505 
0.48193 -0.17713 -0.64655 -0.27837 1.28511 
0.91046 1.54985 1.28195 0.31754 -0.40623 
-1.73846 -1.14179 0.06902 -0.61278 0.75546 
0.64266 -0.81897 0.16497 -0.29610 0.30144 
0.50599 -0.14667 0.40088 0.01423 0.22424 
-0.32594 -0.91904 -2.01924 -0.67310 0.46847 
-0.63397 0.33173 0.54905 -1.08520 -0.28498 
-0.31713 0.92034 0.39194 -0.08743 -0.58321 
-0.58122 1.28325 0.77860 2.59651 -0.04231 
1.29264 0.02680 0.95679 -0.03374 0.02573 
-0.64487 1.21582 1.05016 -1.34885 -1.39082 
-0.76662 -0.74576 1.38782 0.01408 1.71604 
0.76768 1.18036 0.98096 -1.07002 -1.98684 
1.47143 -0.91045 -0.22388 -0.55998 1.74210 
-0.48127 -1.16573 -0.37654 0.27617 -0.25681 
0.29251 0.50218 -0.14855 0.79567 1.16293 
-0.89128 0.45880 2.11957 2.06484 -0.54609 
-0.34921 1.06023 -0.19131 1.63161 0.49624 
-1.45023 1.06529 0.89443 1.52809 0.62357 
1.56318 -1.08419 0.89179 -0.13321 1.48078 
-1.56686 0.17149 -0.49223 -0.41014 0.07096 
-0.18809 -1.02620 -0.65431 -0.44965 -1.65815 
-0.67295 0.23240 2.82881 -1.34418 -0.63598 
-0.27332 -0.08790 1.05916 1.17933 1.49570 
-1.60447 -0.80514 -0.44784 -0.33351 1.12739 
-0.78992 -0.96716 -0.94234 -2.07969 -1.15118 
0.63045 0.35905 0.34352 1.26434 -0.49697 
-0.08215 -0.64116 -0.41076 -1.42714 0.18486 
-0.23225 0.07330 0.90784 -0.70542 1.38614 
1.37184 -0.81644 0.13039 0.44522 -1.03630 
0.00023 -0.44348 -0.84494 -2.36912 -1.54240 
-0.04912 0.57226 0.78892 2.11627 0.03111 
1.82286 -1.06307 1.21573 -0.79755 -0.26567 
-0.29769 -0.18961 -0.64327 -0.54307 1.58433 
-1.65120 0.19008 0.09325 -0.79088 -0.15538 
-0.25093 -1.15290 0.04851 0.87723 -0.41925 
-0.58133 0.83487 1.02492 1.28664 -0.53702 
1.34435 0.08277 -1.07786 1.31247 0.02629 
0.68748 0.04476 0.37256 -0.38042 0.34336 
-1.42984 -0.30388 -0.33928 -0.20051 -0.10316 
-0.99876 0.33780 -0.73198 -0.23467 -1.18320 
-1.52413 -0.09863 -0.88461 -0.16319 2.41491 
1.72349 0.14877 0.72811 -2.21869 -1.12843 
-0.08921 1.01581 -0.86256 -0.31388 1.49287 
0.42628 -1.34874 0.60011 0.23738 -0.36929 
0.77459 -0.07880 0.43844 -1.08680 1.74763 
0.48594 0.54627 1.33372 0.61430 0.11074 
0.46981 0.07833 0.22851 -0.31482 -2.04553 
0.77118 -0.15550 -0.32755 2.45290 0.53497 
-1.33837 -1.53775 -0.50774 0.50069 -0.10057 
-1.21839 0.35659 1.22462 -0.95546 1.26266 
0.92230 0.16531 -0.33683 0.47830 -0.94945 
-1.50318 0.74945 1.27865 -0.19738 -0.48681 
1.11047 0.84604 0.47514 0.13614 -1.05913 
0.20585 -1.28451 0.90611 -0.35184 -0.58099 
-0.51264 0.40010 -0.41938 -1.62997 0.89520 
-0.23533 -0.34142 -0.82830 0.61071 -0.66510 
0.90591 -0.55976 0.23961 0.51300 -1.33084 
-0.93928 -0.06388 -1.75763 0.49005 0.13210 
0.41583 -1.25546 -0.36401 -0.75940 -0.14897 
-1.44881 -1.08068 -0.69934 -0.71557 0.62495 
0.90858 1.51739 0.14896 1.60748 3.31055 
2.73063 0.88642 0.57973 -0.64806 -0.84558 
0.13307 -0.17801 1.26432 1.57451 -1.74922 
0.81246 -1.25562 -0.78577 -0.20926 -1.12047 
-1.08370 -0.53011 0.39307 0.79454 -0.69615 
-1.07873 0.30566 0.91753 0.43127 0.58022 
0.17094 -1.10497 -0.05841 0.12580 0.33541 
-0.14337 -1.78579 -1.38425 -0.82442 -0.72074 
1.60295 1.32297 0.35034 0.62378 -0.74690 
0.06149 -0.98121 1.03634 0.74013 -0.89173 
0.55270 1.85714 -0.03578 -0.20029 0.77410 
-0.55794 -0.68247 -0.24716 -0.35839 0.45871 
1.21177 0.16469 -0.78949 0.70195 -0.57365 
0.52717 0.25327 1.65014 -1.08759 1.04773 
-0.02834 1.37152 0.37290 1.63476 0.51475 
1.19428 -0.77120 1.22572 -0.00857 -1.00318 
-0.02183 1.84314 1.24252 -1.60254 0.89393 
1.31875 -0.85774 0.80942 0.69906 -0.96551 
-1.34581 -0.76231 1.13099 1.31967 -0.48650 
0.61291 0.10154 0.06113 -0.00348 -1.29544 
-0.00419 1.35699 -0.57486 1.18876 -0.67214 
-1.11525 -0.18498 0.31753 0.77236 0.97799 
-1.35053 -0.96960 -0.11751 1.17111 -1.43004 
0.71855 0.44792 1.36212 -1.69107 -1.03771 
0.87881 -0.09646 -0.31721 -0.09502 -0.64985 
0.03127 -1.19655 0.29751 0.75611 1.65866 
1.03763 0.57358 0.13666 -0.97065 -0.60463 
0.59206 -0.98193 -0.21540 0.39456 -0.14641 
1.69321 -0.45204 0.51714 -0.52786 1.09500 
0.20125 1.41696 -1.63682 -0.52203 0.07808 
0.17998 2.99777 -1.41750 0.11241 0.16039 
-0.17589 -0.12048 -0.04918 0.05205 -0.83672 
1.53660 -0.50479 -0.27616 1.78742 -1.13151 
-1.55751 1.30823 -0.55665 1.52079 -1.88609 
0.18066 -0.32905 -0.67198 -1.01996 -0.51447 
1.78651 -0.79870 0.11497 -0.87374 -1.43790 
-0.05181 1.14436 1.90676 0.61665 -0.08167 
-1.46068 -0.24421 -1.05361 -0.09004 0.17991 
0.04165 -1.23485 1.67547 0.71174 0.88484 
0.14745 0.15842 -0.20285 1.02616 0.52059 
-0.53347 1.00662 0.37227 1.11783 -0.02466 
-0.49562 -1.26261 -0.24084 -0.86061 0.38117 
0.57988 1.14992 -0.52099 0.69077 0.03449 
0.11674 -0.91833 -0.65782 0.99090 -0.14312 
0.60183 -0.14036 1.25040 -0.60804 0.07720 
-0.05281 -0.21075 1.08912 0.38277 0.24371 
-0.00295 0.82788 0.87010 -0.20299 1.69437 
0.37369 -0.69753 -0.18982 -1.65283 -1.61199 
0.17897 0.78333 -0.33914 1.36708 0.01269 
-1.22404 0.24183 -0.73339 -1.31133 0.60272 
0.51450 -0.13477 1.89015 0.42058 0.53495 
0.33428 1.67734 -0.42903 0.24082 -0.27239 
1.87572 -0.97492 0.48885 1.13923 0.17716 
-0.46857 -0.18928 -1.07614 0.44712 -0.16922 
0.53085 -0.59537 -0.34866 -1.54969 -1.22229 
0.42172 1.04317 0.25474 -0.64298 0.13382 
1.92836 0.13601 -0.32070 1.96058 0.01122 
-1.44134 -0.18674 0.59118 1.17208 1.06712 
0.02281 0.46734 0.35225 -1.21256 -1.16288 
0.13405 -0.48716 0.40382 -1.79117 0.10308 
-0.51665 0.46943 0.36780 0.43522 -0.87989 
-1.04704 0.04359 -1.06614 2.52264 0.85554 
-0.54378 -1.66302 0.11581 -0.01512 0.81196 
0.69297 0.12142 -0.07043 0.26796 -0.15978 
-0.45176 -1.41105 -1.02560 -1.89311 -1.28850 
-2.23531 -0.35227 0.28834 -0.40740 0.31110 
-2.17527 0.60945 -0.43824 1.98744 -0.52296 
0.32853 1.78933 0.20809 -0.09337 2.99811 
-0.45360 0.07697 1.52503 -0.58093 -0.55688 
-0.06633 -1.57013 -1.13752 0.25626 0.32592 
0.35508 1.03848 0.88310 1.34114 -0.36418 
0.26504 -0.65040 0.13145 1.05597 -0.35227 
0.27503 -0.57544 1.36731 1.04281 -0.01708 
-0.50087 1.07128 1.85986 -0.18681 0.02292 
0.73981 0.05426 -1.21049 -0.27860 0.15905 
0.63046 -0.04651 0.61357 -0.28735 -0.91972 
-0.50428 0.01324 -0.51974 1.21441 -0.76455 
-0.26007 -0.92490 1.08465 -0.28419 0.93404 
-0.11232 1.43661 -0.61520 -0.83174 -1.38517 
0.66694 0.22211 -0.80366 0.86351 0.46534 
0.87090 0.01058 0.63662 0.84376 0.15750 
-0.47532 -0.25718 -0.48552 -0.08770 2.05611 
-0.00895 1.52963 0.07832 -0.91440 -0.46754 
0.93479 0.85564 0.14046 0.23801 0.27147 
0.46879 -0.80390 1.08427 -0.11924 -0.95231 
-0.60736 1.12857 -1.52409 -0.51531 -1.02753 
1.03955 -2.44985 -0.15437 -1.84501 0.46369 
0.86403 -0.19064 -0.17417 -0.66471 -0.41622 
3.19772 0.64143 -0.85890 -0.00530 -0.31209 
0.17713 0.34595 -0.16002 0.30511 0.20216 
0.17403 0.58248 0.39296 0.78010 -0.25311 
0.52814 0.42403 -1.31090 -0.28349 -1.03010 
0.63058 0.65262 0.75531 1.66890 -1.17876 
0.94002 -0.01281 2.29938 -0.17284 0.53641 
0.09221 1.31113 -0.01136 -0.80117 -0.06391 
0.75116 -0.25928 0.18417 0.97606 -0.68520 
-0.08635 -2.32220 -0.58459 -0.41268 0.39697 
0.25633 -0.72350 0.61998 0.15441 0.21993 
0.35091 -0.60599 -1.49146 0.67139 0.87447 
1.22455 2.22284 0.84644 1.01161 1.00055 
-0.93650 -0.76328 -1.27956 -0.69177 0.93229 
-1.66040 0.30072 -0.92605 -0.68258 0.34871 
0.59003 0.75033 -0.59280 0.16129 -0.53435 
-0.04771 1.46829 -0.70119 -0.51944 -0.77490 
0.18741 0.84721 -0.17372 0.64992 1.79850 
1.02610 -0.60082 1.66184 0.15859 0.89184 
-0.50651 1.64474 0.62667 -0.45565 0.59021 
-0.90269 -2.14934 -0.24125 -1.02737 -0.19199 
0.99101 0.45790 -0.50894 -0.19325 0.91199 
0.75849 -1.13847 -0.91728 -2.15465 -0.19188 
-1.08203 0.84204 0.25150 -0.85222 0.58622 
0.55948 -0.01036 0.27117 -1.21867 0.28478 
2.08616 2.16040 -0.25727 1.04789 -2.08657 
-0.34611 0.85709 0.09438 0.13778 0.11900 
-0.21292 -0.35917 -0.06843 -0.63786 0.39335 
-1.04650 0.69831 -0.08449 1.23154 0.09480 
0.29647 1.47567 2.14445 -0.49573 1.18801 
-0.25320 -1.12200 -0.53643 0.99248 0.62269 
-0.73514 -0.54847 -0.33903 1.00326 -0.07685 
-0.41269 0.39869 -0.34924 -1.12345 -1.03429 
0.28208 0.14572 1.55052 -1.92540 0.62982 
1.51761 0.15758 -0.48619 -0.02247 -1.22339 
-0.10761 -0.60766 -0.77132 0.32132 0.45077 
0.88695 -0.89177 0.64964 -0.11104 2.03643 
-0.50158 -0.82699 -0.62234 -0.71964 -0.95491 
-2.47623 1.16257 -0.86543 -2.39215 -0.85075 
0.96152 1.17854 1.92226 1.51386 -0.21108 
0.54141 0.12813 0.60208 0.42609 1.25266 
-0.07860 0.88415 1.89099 -2.34575 -1.67875 
-0.09250 -0.00062 -0.67865 -0.56218 -0.25768 
0.86691 -0.13453 -0.12528 -1.19983 -0.62509 
-0.78925 0.98734 0.67668 -0.31063 0.79791 
1.29329 -0.14209 0.02304 -0.42746 1.01656 
-0.58265 -0.72400 -0.36763 1.92097 0.25718 
0.91854 0.02282 -0.13842 -0.03779 -1.39107 
-0.24388 0.72678 -1.91201 0.91601 0.90814 
0.37724 0.84481 0.32196 1.23617 -0.18430 
-0.81124 0.78221 -0.45290 0.90241 -1.36451 
-0.42308 0.24469 0.56029 1.05906 1.24343 
-1.75143 1.17584 0.18798 -0.96168 -1.29556 
0.89730 -0.72352 -0.90770 1.27688 -0.05223 
0.96192 -0.18534 2.75415 1.66811 0.37219 
-1.46354 0.08216 -0.52430 0.77000 1.57746 
-0.73761 -0.13005 0.40233 0.84476 -0.15906 
0.53651 0.15473 -0.99370 0.38297 -0.16437 
0.81031 -0.43326 -0.47271 -0.77154 0.15707 
-0.31108 -3.33840 -0.46082 -0.43182 1.26954 
0.76281 0.27085 -0.82768 0.09265 -1.61086 
-0.31488 -0.49245 -1.31037 0.49225 -0.18927 
0.61393 -0.00464 0.04012 -1.78947 1.14493 
-0.59063 -1.12189 -0.95374 -0.14057 0.74669 
-0.71089 0.93082 2.88355 0.64830 0.60761 
0.73375 -0.53737 1.21400 -1.43495 0.12417 
0.23525 -0.49227 -0.20019 -0.21993 0.23342 
0.10238 -0.07527 0.18120 -1.06531 -1.30665 
-0.20037 1.91607 0.19632 0.30202 0.05691 
-0.10523 1.09589 0.57533 -0.44058 0.37966 
-1.97649 1.55845 0.10432 -1.03671 -0.79996 
-0.38626 -0.53043 -0.32448 -0.39902 0.80147 
1.12399 2.12213 0.42835 -0.63201 -0.42571 
-0.72880 0.00260 -0.44312 1.75393 0.62181 
-0.37605 1.27726 0.43559 -0.26617 0.16172 
-0.54804 -0.66853 -0.69214 -0.29426 0.30676 
-1.06494 0.85768 1.10112 -1.07152 -0.62547 
