0.14957 -0.95969 -0.29083 -0.23830 1.89156 
0.58362 0.30406 0.24434 0.92976 0.30554 
-1.94627 0.33243 -0.50568 0.17364 -0.89662 
0.19251 -0.30513 -0.30375 0.37160 1.36547 
-2.28246 -0.36071 1.52683 -1.15204 1.53215 
0.52756 1.23473 -1.72045 0.67609 -1.01705 
1.06262 2.85791 0.41589 1.48886 -1.36977 
-1.34521 -0.02027 0.19911 1.27087 -0.39657 
-1.73629 1.69337 -2.26012 -1.04836 -0.42434 
0.35617 0.72644 0.42627 -0.20021 -0.01431 
-1.61539 -0.59949 2.49462 1.16755 0.58038 
-0.69651 0.54406 1.27176 -0.55452 -0.35277 
0.02558 0.55195 1.16484 1.64514 -0.80423 
1.68148 -1.38314 -0.14706 1.22172 1.71517 
1.10104 0.06464 0.91675 -0.03674 1.12104 
-2.12470 -0.62155 0.08714 -1.72229 -1.97485 
-0.56463 -0.30545 0.68196 1.21722 -0.02589 
-0.71381 0.31895 1.62954 -1.18758 0.65325 
0.17533 1.82005 -0.49226 -0.48501 1.05836 
0.83025 1.99019 0.04930 -0.32963 -0.30365 
-0.39854 -0.27710 0.21826 0.50528 -0.80181 
0.54548 -0.54921 -0.04813 0.38188 0.26046 
-1.03051 1.17310 -1.27082 -0.30040 1.91015 
1.76043 -0.64546 0.15815 0.02662 -0.33407 
0.55015 -0.65165 1.29856 0.20668 0.09086 
0.57736 -0.72028 -1.04670 -1.26307 0.48375 
0.83752 -1.24122 2.18045 -0.57627 0.25475 
-0.30108 -1.44351 1.19266 0.66972 -1.36886 
-2.10252 -1.34241 -1.27470 -0.21452 0.37320 
0.25374 0.35280 0.45414 0.88100 -0.26343 
-0.33556 0.10867 1.80879 0.27967 0.30620 
-0.67753 1.38639 2.23900 -0.86949 0.28448 
0.64476 0.27338 -0.14001 -0.07517 0.63242 
1.04068 -0.12093 -0.85501 -0.63691 0.64266 
0.36953 -0.09617 -1.26228 0.03957 -0.10494 
0.27504 -0.49359 0.86419 0.61258 0.53911 
0.13672 -1.26822 -0.81603 0.25922 -1.31237 
0.75682 1.53673 1.15927 -1.10527 -0.60822 
0.96012 0.53207 -0.75988 -1.28197 0.81312 
0.89795 1.83191 -0.50460 0.90179 -0.15786 
0.67043 -1.27217 -0.19579 0.22936 0.21514 
-0.99409 -0.37036 -0.22460 0.26945 0.70363 
1.36288 -1.30787 0.23002 0.67524 -0.31642 
0.44372 0.38993 -1.11642 0.28376 -0.20941 
-0.60457 1.36124 2.15254 -0.99404 0.30692 
0.07091 -0.81564 -1.13926 0.33930 -0.25321 
0.40682 0.35076 1.03585 0.63529 0.53530 
-1.29269 1.26818 -1.12332 -1.45420 1.03321 
1.11595 -0.14320 0.65325 1.50613 0.69981 
1.98807 -0.71745 -1.22194 0.79228 0.47626 
0.05557 0.91384 1.40351 -0.18852 -1.41079 
0.11941 -0.56389 0.24834 -0.33609 1.56532 
0.90734 0.69993 0.69875 -0.27597 -1.75093 
0.08585 -1.20400 2.26944 1.47641 0.56531 
1.62306 -0.13596 0.98125 -0.42018 -1.96581 
-0.01095 -0.76793 1.05592 0.67338 -0.75603 
-0.47648 -0.20409 0.81244 -0.35289 1.33002 
0.19538 -1.55877 0.45818 -0.02555 1.45167 
0.36222 1.82877 1.34049 0.73196 -1.07154 
1.43315 -0.82472 -0.70870 1.73324 0.37535 
-0.04430 0.15852 -0.48266 1.74491 0.14917 
1.17098 2.36989 0.59598 0.02911 1.05960 
1.19969 -0.08315 0.75809 1.24150 2.08721 
1.67501 -1.15048 1.99740 -1.01333 -1.48553 
0.31739 1.39279 -0.45562 -0.11552 1.23474 
-0.41508 0.37849 -0.07196 -1.23251 -0.86571 
0.00174 0.99465 0.17177 1.16131 1.26387 
-0.38467 -0.87200 -0.00826 0.89780 -1.26734 
-0.35280 -0.96157 0.06542 -2.46907 -1.95538 
-1.70066 -0.92941 0.60142 0.08571 0.91810 
1.20253 -0.51145 -0.80190 -1.26606 -1.50545 
-0.11751 -0.01358 -0.31285 -0.28495 -2.25453 
-0.37791 1.56475 0.18486 0.75368 -0.69183 
0.37870 0.29575 1.36335 0.14111 0.45637 
0.62449 -0.70842 -0.02893 -0.40302 -1.06801 
-2.09396 0.26854 0.30952 -2.41524 -0.13813 
0.67326 -2.63139 2.10902 0.09062 0.48724 
0.40896 -0.14524 -2.80149 1.30470 -1.02592 
0.77602 -0.84311 1.36885 2.27080 0.80907 
-0.65413 -0.33009 1.44908 -0.95232 -0.02575 
0.38449 -1.10797 0.49218 -0.10068 1.05807 
1.71902 0.40573 -1.54162 2.97726 0.04562 
-1.58835 0.86177 0.83890 -0.37775 0.32723 
1.12705 2.09353 -0.98982 -0.96828 -1.69893 
0.57538 -0.85699 -0.47305 0.26373 -0.01153 
-1.08014 -0.34238 1.20921 0.56053 -0.41227 
2.05625 0.85733 -1.86778 0.85070 0.63343 
0.93798 2.49359 -0.59088 0.07112 -0.76062 
0.46892 -0.02747 1.32376 1.08641 1.37666 
1.36360 -0.80566 0.06093 0.23950 -1.19404 
0.15601 -0.10831 -1.81506 -0.69356 -2.35375 
-0.75861 0.12877 -0.87893 0.03671 -0.88584 
-0.12655 0.76805 -0.08629 -1.00226 0.95724 
0.53094 0.61438 0.91187 -1.13183 0.98772 
-0.15249 0.51386 0.80212 1.11336 2.48997 
-0.50592 0.53351 -0.63061 -0.27690 -0.97838 
-1.07363 -1.60830 0.07605 -0.38377 1.40255 
1.20770 0.09544 0.82992 1.66591 0.66934 
-0.97425 0.92330 -1.36929 -0.48797 -0.86961 
-0.93348 0.64037 -1.06715 1.70341 -0.94086 
1.50742 -0.68943 0.47083 0.48049 -0.65479 
-0.32627 1.31845 1.02875 -0.46644 0.19905 
1.30415 -0.97469 0.07443 -0.30036 1.24614 
-0.34526 -0.37387 -1.70975 0.38444 -1.03397 
-1.24573 0.38381 0.98425 0.44903 -1.07726 
-0.63656 -0.33434 0.62560 1.37013 -1.71371 
-2.31173 0.50084 1.42264 -0.04999 -1.26007 
-0.94457 -1.41495 -0.10444 -0.65170 -0.59902 
-0.13837 -0.65729 0.65058 -1.35491 1.88751 
0.32895 0.28229 1.74493 0.83368 0.73340 
0.79928 0.53705 1.36575 -0.57676 -1.20881 
-1.32731 -0.22667 0.50889 -0.90342 -0.76380 
0.15691 1.36589 -1.20913 1.10358 0.65696 
-0.76664 -0.74470 1.02828 0.16125 1.53337 
-0.95520 -0.57818 -0.19966 1.95479 0.13799 
0.02946 0.36241 2.13974 1.11220 -0.86778 
0.01240 -0.11639 2.00438 -0.56611 -0.58054 
0.10451 0.38529 -0.33999 0.25337 0.67304 
0.57425 -0.99115 -0.14847 0.55792 0.83235 
-0.49023 -0.81866 -1.16448 0.47267 0.55099 
-0.61467 0.48298 0.15666 1.22340 -0.24087 
-0.75095 0.54790 0.53745 0.81428 0.96730 
0.25242 -0.73135 -0.00620 0.24407 -0.79378 
0.05892 -0.84685 -0.73972 0.38977 1.64626 
-0.79181 -0.77482 0.23712 0.45815 -1.10613 
-1.19383 -0.29565 0.06506 0.67030 1.65561 
0.21050 0.48743 1.80278 1.02727 -0.31529 
-0.00084 -0.98087 -0.71171 -0.71138 -0.83773 
-0.14330 0.13628 -0.79398 -0.69950 1.28559 
0.08526 2.17703 2.21294 -1.73555 -0.50494 
-0.10503 -0.31146 1.04063 0.08345 2.10109 
-0.66488 1.27680 -1.04311 0.00014 -0.83076 
-0.66978 -0.07344 1.38324 0.05211 -0.52989 
-0.03418 -1.32990 1.71561 1.24555 0.83668 
2.96621 -1.92050 -0.63282 0.72202 -1.13498 
0.06881 0.51390 0.31083 1.52104 -0.27144 
-0.45357 -2.18211 0.16344 0.80262 0.56968 
0.21582 -0.14962 1.51263 1.51403 0.70173 
-0.77323 -0.82356 -2.40283 -2.46273 -0.62443 
0.84830 -0.71742 0.14056 -0.08635 -1.00227 
0.50235 -0.36429 -0.39643 -1.22961 1.37202 
0.06710 -1.32329 0.55073 -0.38435 0.62842 
-1.60950 -0.56037 1.46563 -0.08048 -1.26014 
0.10351 0.27710 -0.16721 0.82014 -0.76243 
0.46377 0.00193 0.52525 -1.09150 0.75294 
0.34476 1.21430 0.86860 -1.33831 1.45799 
0.84481 0.42326 0.57828 -1.22596 0.26876 
-0.40000 0.32051 -1.25012 -0.41521 0.54186 
-1.04589 -0.91067 0.44322 1.98225 0.91562 
0.08625 -0.59168 1.47728 -0.54903 0.77518 
1.40165 -1.36593 -0.22120 0.32388 -1.45570 
0.65431 -0.17405 0.05796 -1.08501 -0.78651 
1.83016 -0.93593 0.78543 -0.08967 0.03199 
0.66825 1.57303 -2.42966 -0.91459 -0.75569 
0.04362 -0.64530 1.30335 0.36662 -1.59797 
-1.46993 -0.01412 -0.89740 -0.05656 -0.22142 
-0.88580 0.60238 -0.60624 -0.01993 0.82750 
-1.00035 -0.24166 -0.09811 1.29378 0.69142 
-0.00070 0.30734 0.77201 -1.40557 -0.23962 
-0.10945 0.56516 -0.74839 -2.33114 0.42595 
-2.22968 -1.19186 0.21337 -1.04680 1.90687 
0.45506 0.86325 -0.59698 0.77454 -0.72593 
0.49477 -0.45622 0.33460 -0.55669 -0.61629 
-0.49274 -0.72949 1.97404 -0.51393 1.97816 
0.20646 -0.77234 0.95806 -1.16063 -0.76376 
0.22099 0.18218 -1.59232 -0.06597 -0.17675 
0.81529 1.46373 -1.02750 0.76663 -1.26202 
0.29072 -0.42749 -0.19067 -0.27305 -1.09896 
-1.79626 0.86714 -0.51985 -0.96379 -2.28420 
-1.21673 0.60591 -0.47989 1.00890 -1.61766 
0.39252 -0.30808 0.75666 -0.27383 0.73095 
-0.06906 -1.39480 -0.15566 1.39500 -0.59738 
-0.32244 0.67326 0.99432 0.36342 0.82147 
-1.24950 0.55896 -0.57008 -0.81310 0.06183 
0.00562 0.74972 -0.32221 0.21060 -1.22607 
-0.78732 0.06368 1.64831 0.00478 1.00504 
-1.86188 1.85022 1.18975 1.69627 0.28997 
-0.43990 -0.02254 -0.80245 -0.94604 0.11251 
-0.62307 1.95461 -0.32454 0.63918 -0.55362 
-1.38365 -0.42731 0.15938 0.83516 0.23987 
-0.80767 -0.69152 0.70027 0.12612 0.03739 
1.15374 1.02601 0.51493 -1.68461 2.42359 
-0.04895 0.16636 0.94274 -0.64463 0.64821 
-1.55920 -1.49814 -1.33058 0.50594 -1.38241 
-0.22601 0.99671 -0.36911 0.64478 0.22800 
0.89625 0.11583 0.40897 -0.21187 0.65120 
0.10723 2.48973 2.04769 -1.97532 0.17816 
-0.52590 -0.34761 1.94550 0.12095 0.22008 
0.99836 1.60794 -0.61665 0.65983 -0.57318 
-0.28055 0.36297 -0.90437 1.47299 0.21717 
-0.52318 -0.13797 -0.23683 0.26491 -1.66972 
-1.23921 -1.11961 0.20923 0.32192 -0.20165 
-1.68014 0.20520 -1.24690 -0.45204 1.03680 
0.56386 0.91207 1.28053 1.98441 0.54376 
-0.94223 1.04630 0.18899 0.74411 -1.31672 
-0.81594 0.08880 0.75358 -1.21787 0.60282 
-0.65493 1.05275 -2.35472 0.29035 -1.40990 
1.52003 -0.21675 -0.16406 1.57192 -0.71715 
-0.68179 -1.34099 0.53733 0.48973 0.08861 
0.09323 -0.43279 -0.89575 -0.98760 2.52277 
-0.26327 -0.38400 -0.53315 -0.46442 1.42079 
-0.31906 0.83132 0.08981 -0.60079 1.79545 
1.08824 -1.28754 -0.98496 2.11533 0.17152 
-0.20275 0.75571 1.28530 1.18806 -0.18823 
0.56793 0.03060 0.73246 -0.52002 0.59837 
-0.40656 0.44640 0.34374 -0.74801 0.75922 
-0.17140 2.35138 0.36924 0.33334 0.71011 
-0.43039 -0.43611 -1.05996 0.64649 -0.78281 
-0.27398 -0.92597 0.18462 -0.75951 -1.59478 
-0.48869 1.68415 -0.14378 0.26479 0.02113 
0.77471 -0.28280 0.41035 0.97783 -0.91557 
-0.27083 -0.43996 -0.18750 -0.70691 1.50562 
-0.37323 0.79832 -0.13387 -0.41840 -0.46523 
0.11055 -0.37136 -0.33391 -1.91376 0.10049 
-0.91501 -1.07509 -0.74407 0.53941 1.37423 
-1.33058 1.93965 0.67354 -2.07727 -1.27189 
-0.73189 -0.01063 0.53605 0.16491 0.72563 
1.14633 -0.11308 1.04586 -0.43065 -0.12606 
0.20868 -0.16608 -0.60146 -1.03603 -1.65505 
0.86736 0.49118 -0.18041 0.05580 -0.08442 
-0.14070 -0.47463 0.95295 1.00863 -2.66307 
1.20403 0.54128 0.25564 -0.51379 -0.58880 
-0.74684 0.42841 0.01378 -0.70423 -0.78421 
0.55610 1.11863 0.08263 -0.40640 0.71214 
2.35425 1.14967 -0.46211 1.02829 0.40748 
-0.15220 -0.42214 0.55375 -2.01942 1.83281 
0.71004 0.96375 0.78325 -1.08526 0.69575 
0.21675 -0.55291 -1.35582 1.65439 -0.65520 
-0.62823 1.20567 0.87636 0.66333 -0.25150 
-0.92669 0.66793 -0.40655 0.17287 -0.82930 
0.23480 1.24358 -1.11560 -0.84486 0.26291 
-0.58530 1.71852 0.16189 0.06168 1.04399 
0.29978 -0.50519 0.87635 0.03242 -0.44287 
0.05481 -0.65245 2.12994 1.00490 -0.78419 
0.98813 0.51720 -2.28768 -2.07919 -1.71998 
-0.41709 1.17918 0.40198 0.01433 -0.67831 
-0.30463 -1.90948 0.81969 -1.59890 0.60898 
-0.72167 0.16683 -0.53848 1.39850 1.96256 
0.62269 0.31321 0.36934 0.06245 2.17514 
-0.85515 1.39518 0.45109 0.02073 -0.60682 
-0.11195 -0.36626 -0.23894 -1.49993 -0.75472 
-0.11971 -2.03587 -0.40312 0.71191 -1.12534 
1.42666 -1.13004 0.34467 1.54015 -1.31578 
-0.12607 -0.44065 -0.46775 -0.64458 -0.50732 
-1.48005 -1.12631 -0.61345 0.42220 -0.12014 
-0.74063 -0.57987 -0.25815 0.06914 0.66499 
-0.16018 0.53871 -0.68620 1.48810 1.01610 
-0.66869 -0.39650 -0.70102 1.34083 1.21793 
-0.28292 -0.25741 2.19308 -0.74192 0.77107 
-1.58526 2.88121 0.47510 0.43604 0.93521 
0.62509 0.29339 0.72037 0.93885 0.51108 
0.97215 -1.11112 0.17610 -1.02237 0.89084 
-0.85501 0.69064 -0.40212 -0.02734 0.76675 
-2.71298 1.27693 0.19000 -0.22696 -0.33649 
1.73383 -2.27839 -0.52659 -1.04862 0.44142 
-0.77923 0.41143 -0.52567 -1.02466 -0.01793 
-1.03796 0.28684 -0.27096 2.48709 -0.82015 
0.15925 -0.77444 0.43481 -0.46158 0.23336 
-0.61138 -0.63698 -1.30826 2.54218 0.51285 
-0.43978 -1.53684 1.24287 0.06221 -0.33840 
-0.81180 -1.21762 -0.19199 -0.21370 -0.68376 
0.37935 -0.62705 1.72480 -1.30975 -0.49407 
-0.90950 0.96385 -0.02766 -0.28069 -0.09437 
-1.50556 2.81989 0.24687 -0.10885 -0.08071 
0.61644 -0.03989 1.02199 0.94334 1.26753 
-0.11961 -0.72743 0.02207 -0.16690 -0.34327 
0.25798 0.48300 -0.73865 1.51876 1.23646 
-0.42936 0.44480 2.13490 -0.05170 -0.15049 
1.25116 1.49119 0.23653 -0.64003 -0.07873 
0.62465 0.56518 -1.37220 0.52013 -0.35033 
-1.77077 0.08140 0.20624 -1.27941 1.34500 
-0.14584 -0.46294 1.19879 -0.46371 -0.20282 
-1.66359 0.56519 -0.36429 1.39521 2.02200 
1.56465 1.11935 -0.14206 -0.29153 -1.25596 
-0.73132 -0.47026 -0.65536 0.40974 0.21335 
1.45028 -1.01974 0.97143 -0.15376 -0.05006 
1.60814 0.04276 0.43726 -0.26399 -1.20918 
0.10083 0.27922 -0.00730 -0.21458 0.96261 
1.91195 1.36595 -0.18758 1.79809 1.57510 
0.90923 -0.27023 -0.27292 -1.25723 -0.38613 
1.07876 -0.68611 -2.43333 -0.56445 -0.74641 
-0.56843 -0.39113 -0.10500 -1.12583 -0.08786 
-1.52560 0.59201 -0.41429 0.06061 1.58031 
-0.88371 0.23957 -1.71143 0.19353 -1.58116 
-0.61712 -1.35009 -0.74610 -0.63531 0.64929 
-0.39768 0.60790 -0.02202 0.06965 0.29161 
-0.80948 0.09121 -0.62172 0.55023 0.38143 
-1.72742 0.57796 -0.62309 -1.40168 -1.40113 
0.09189 -1.31845 -1.84773 0.78256 -1.13183 
0.86967 0.09173 -0.79823 -1.09970 1.75738 
-0.36785 2.04824 0.29962 0.05388 -2.55005 
0.52290 0.53475 -0.23041 0.98001 1.38035 
0.62461 -0.92002 -1.62340 1.12337 -0.44592 
0.24180 0.03253 -0.10212 -0.26346 -1.05734 
0.90902 1.69866 0.78082 -0.56691 -0.05351 
0.09706 0.53835 -0.53942 0.82586 1.31136 
0.62738 0.08204 0.82630 -0.03591 0.67383 
-0.54452 1.27226 0.82639 0.80701 -0.61205 
1.47258 -0.30999 0.41778 1.00243 -0.48366 
0.93032 -0.22685 1.20095 -0.44879 -2.29449 
-1.60637 -0.27174 -0.88638 0.02097 1.40672 
1.43076 0.56864 0.04260 0.64705 0.53730 
0.02379 -0.34007 -0.23820 0.90922 -1.75409 
-1.09546 -0.18388 -1.80882 -0.17518 -2.16234 
-1.37157 0.94380 2.03642 1.44508 -0.03990 
0.36755 -0.81578 -1.37200 -0.56270 0.02762 
0.94028 0.93585 0.25780 0.66533 0.91420 
-1.70280 0.41017 -0.49171 -0.96793 3.14588 
-0.17060 -0.99756 0.89056 -1.09020 -1.10786 
0.37377 -1.88308 0.68411 0.81376 -0.03114 
1.22316 -0.40017 2.24349 0.42120 0.26112 
-0.35305 -0.31718 -0.18871 1.22518 -0.63845 
-0.36639 0.04667 -2.09837 -0.10619 0.59179 
-0.18329 -0.04709 0.23369 -1.53376 -0.67839 
1.29433 -0.17849 -0.15777 1.16243 0.06694 
1.35204 -0.83448 -0.57698 0.27995 0.27313 
-1.42733 -1.43152 -1.26349 -3.58555 -0.90704 
-1.20028 -1.55829 1.62932 -0.72701 -0.53004 
-0.43179 0.56402 0.59733 2.47216 -0.23256 
-1.44345 -0.95273 -0.90314 0.64687 -0.25292 
0.08026 -0.41052 -0.12994 0.82541 0.53979 
0.49687 0.11502 -0.21485 -0.03833 -0.35814 
-1.30665 2.19918 -0.51400 0.05860 -1.48185 
-0.36475 -0.18577 -1.80291 -0.50024 0.27902 
-0.26604 -0.27463 0.08782 -0.60099 -1.13395 
-0.58411 0.31732 -1.70813 -1.05679 0.21100 
-0.11049 0.85749 0.23965 0.34219 0.23390 
0.99725 2.05660 -1.48195 -0.60489 -0.62505 
-0.76591 0.05551 -1.77928 0.49753 -0.59772 
-0.97769 0.01859 -1.19447 0.94770 -2.26342 
1.43202 0.79874 1.24717 -1.60318 -0.34824 
-0.63025 0.49886 0.43002 0.93606 0.98673 
-0.70363 -0.04668 -1.00186 1.16147 -0.14977 
1.12710 0.26318 0.98813 2.01721 -0.69317 
-0.54158 0.00763 1.43364 -1.45326 -1.21852 
0.44576 -1.03255 -1.32911 0.74099 1.07300 
-0.05787 -1.78180 0.19523 -0.90570 -0.59586 
0.33596 0.51808 0.05411 -0.78641 -0.46398 
-0.55234 -2.40471 -0.22673 -0.34194 0.36503 
-0.37741 0.11492 -0.36172 0.91271 1.89394 
0.25416 -0.68317 0.29528 1.09005 -0.50845 
0.59643 -0.65332 0.08324 -0.15015 0.32269 
-0.27701 -1.50049 -0.33928 -0.28591 -0.68190 
0.54791 -0.58333 0.64669 -0.67903 0.80990 
-1.55009 -1.17910 -1.17912 0.39739 0.53462 
0.24738 -0.34582 1.24852 1.27399 0.62143 
2.17628 -0.47391 -0.49697 -1.05007 -0.65729 
-0.09093 -0.77462 0.32917 0.39158 0.00010 
-0.33362 0.44490 0.58421 0.39815 1.21683 
-0.38315 0.21512 0.38459 -2.10152 -1.01399 
0.32612 -0.91669 1.02877 1.10264 -0.21337 
-0.32236 -0.04543 -0.84127 0.06011 -0.68871 
-0.27333 -0.66234 0.55956 -0.83689 2.22628 
0.96860 0.25903 -0.67209 -1.83278 -0.33370 
1.25205 -2.77093 0.01049 0.42558 -0.36525 
-0.36221 0.03169 -1.23097 1.17601 0.31802 
-1.89338 -0.62811 -0.07211 -1.26589 1.12079 
0.25209 -1.81798 -0.88553 -0.94631 1.10551 
-0.30959 -0.01375 -0.00414 2.36581 -0.24646 
0.05567 0.17599 1.64589 0.29139 -0.24650 
0.52171 -0.63577 0.20961 -0.57140 -2.14590 
1.09104 0.66117 -1.90792 -2.03313 -0.30949 
-0.46996 0.72536 -2.87556 -0.55791 -0.84601 
-0.18252 -0.14181 -0.67871 -1.83220 -0.43318 
-1.05791 0.33192 -0.72405 -1.03705 0.78565 
0.45454 0.72940 -1.53280 0.48394 0.21810 
0.50119 -1.22944 0.35333 -0.36037 0.40057 
0.99250 1.33765 -0.00381 1.09317 -0.47558 
0.57666 0.47036 0.40462 -0.10991 -0.83157 
1.03951 1.74298 0.59620 -0.15671 -1.48715 
-2.81719 1.08855 -0.25530 -1.33572 0.16188 
0.22383 -1.33305 -0.29240 -1.56742 -0.40819 
-1.02513 -1.26493 0.78691 -1.39435 -0.96489 
0.07167 -0.09766 -0.79635 1.01046 1.69300 
0.70689 -0.47968 -1.07040 1.56811 0.07260 
-1.97029 1.14071 -0.17525 -2.01041 -0.66481 
-0.11498 1.45573 1.68183 0.09924 -0.38258 
0.29813 -1.88590 -0.71438 -0.49202 0.79446 
0.08538 -0.77052 -0.85105 -0.25182 -0.63361 
-0.40238 0.01659 -0.40090 0.35899 -1.29857 
-1.56245 -0.48786 0.40151 -1.21992 -0.36466 
-0.87510 -0.47205 -0.78310 -1.05258 1.58316 
-0.95748 -0.23208 -0.72980 -0.66906 0.53190 
0.43574 -0.74207 0.17540 -0.21328 -1.18192 
-0.02079 -1.03610 0.40927 -0.50615 2.09132 
0.19752 1.27671 -1.04371 0.82354 0.00860 
1.62083 1.35167 -1.95386 -1.30859 0.92350 
-0.68608 0.59868 -0.67692 -1.01422 -0.78187 
-0.45463 -0.87447 3.01311 -0.28797 0.22723 
-0.67004 1.62427 -1.52624 -0.14409 -2.97705 
-1.13847 0.79007 0.98476 -1.68828 -0.33375 
0.36967 -1.51603 -0.86630 -0.78695 0.00695 
-0.38695 -0.85734 -0.47664 1.00269 -0.39682 
0.93655 -1.37947 0.11067 -1.78182 0.32176 
-0.42793 -0.38844 1.69777 -0.08186 1.07039 
1.41051 -1.00711 1.22758 -1.91062 -0.22817 
0.34816 -0.86637 -0.32718 0.19854 1.52348 
1.04886 1.76754 -2.32473 0.12704 0.02690 
-0.42719 0.33140 0.15043 -2.04076 -0.66119 
0.15380 1.74143 0.10186 0.18415 -1.77594 
1.48790 0.80818 -0.07588 -0.17614 0.35711 
-0.13889 -0.09794 -1.25060 2.05506 -0.88502 
0.77860 1.62995 0.89056 -1.77881 -0.96819 
0.35319 0.82077 -1.37527 -2.37815 -1.38566 
-0.39164 0.24076 0.40378 1.07240 -0.64205 
-0.18099 -1.60593 1.05992 -0.42802 1.49960 
-0.67148 -0.98596 1.32433 0.10437 -0.10552 
-0.27685 -0.20166 0.30481 -0.01999 0.05223 
1.01330 0.35830 -0.51660 -0.66536 0.51495 
2.18059 -0.77003 -0.10995 -1.81116 -0.58626 
0.00601 1.36229 1.45773 -1.37908 0.50909 
-1.11928 -0.93381 0.38144 0.25204 -2.50843 
-0.19125 0.58216 -0.62836 -0.44938 0.06361 
-0.52547 1.51168 -1.00821 -0.50474 0.62188 
-0.43144 1.94118 0.89779 1.38074 0.59058 
-2.42499 0.03119 -0.01809 1.37140 -0.52489 
0.93038 -0.96894 0.88382 -0.29875 -0.67004 
0.41829 -0.27934 -1.13437 2.27035 -1.55667 
0.01215 1.14029 -0.81001 0.95266 0.27798 
-1.62983 2.19726 1.51685 2.87559 -0.15607 
0.33073 -0.18305 -0.36278 0.97414 -1.21054 
-0.70610 2.05998 0.10360 -0.45154 0.03254 
-0.17235 -0.70602 0.72932 0.90085 0.97544 
-0.06330 -0.00716 0.05692 0.32760 0.59706 
-0.45037 -0.53709 0.62711 -1.98011 -0.99463 
0.63815 -2.35290 0.13623 0.29463 -0.96105 
-0.95186 -0.49152 -0.62804 0.15973 -0.86049 
1.99951 0.29257 1.41813 1.02764 -0.70233 
0.59668 1.17388 0.27564 -1.54203 0.52643 
0.95853 -1.48019 -0.65961 -0.55135 -0.47877 
-0.68662 -1.00142 0.19199 0.90112 -0.71116 
0.22285 0.03010 0.37229 -0.60764 -0.98957 
-0.68567 -1.14612 -0.30380 -0.12545 -0.46451 
-0.29635 -0.44771 -0.49273 0.00048 -0.59331 
-0.68479 1.67349 -0.01520 0.23926 0.07237 
0.64901 0.10871 0.25139 0.41602 -0.36597 
-0.49974 0.73752 -0.25168 1.25752 -0.25287 
0.17148 -0.64449 1.11716 1.20658 -0.55794 
-1.39850 0.24677 -2.19110 0.01390 -0.57956 
0.65526 1.17415 -0.48034 -0.30731 -0.71172 
-0.47024 -1.06007 -1.46728 1.37568 1.52187 
1.83023 1.55335 1.26593 0.20083 0.19040 
-0.70882 0.34255 -0.20800 2.02905 -0.03613 
-1.93938 -0.13499 0.09060 -0.99988 -0.21369 
-0.00317 -0.11772 0.69746 0.55434 0.94059 
1.85302 0.19501 0.25829 -1.11694 -0.04429 
1.03331 0.43236 -0.02023 -0.05273 0.91486 
0.28163 -0.83942 -1.38094 0.13812 0.24897 
1.80507 -0.33757 -1.80727 -0.89545 0.71483 
0.53423 0.21638 -0.58328 -1.83425 0.16496 
-1.03439 0.86316 -0.61615 0.49089 0.46374 
-1.17317 -0.75870 -1.52063 0.80993 -0.21972 
-1.73792 0.47622 -0.43522 -1.36098 -1.14994 
1.31196 0.03011 -0.60306 -0.61854 -0.75007 
-0.16153 -1.15061 -1.20479 -0.16596 -0.33440 
0.87369 0.48433 0.35477 -0.43934 1.03099 
-0.67770 -0.04422 1.84047 -1.58947 -0.49325 
0.18603 0.29817 0.48998 -1.07090 -0.66684 
1.18998 -0.22051 -0.74646 -0.82031 0.11112 
0.44870 0.32921 -3.00069 -1.86156 1.03160 
0.05913 0.49769 -1.45796 0.18671 0.80491 
-0.12107 0.86855 0.32732 -1.44345 -0.35280 
0.90823 -0.01088 1.44412 1.61510 -1.34079 
0.28215 -0.09244 -1.42908 1.15107 -0.10634 
1.38858 -0.80436 0.81270 0.94145 0.82560 
0.59494 -0.81742 2.27422 0.39252 -0.01776 
-1.60318 1.72028 0.56851 -0.53288 0.86702 
1.13254 -1.25311 1.67697 -0.01161 -0.35619 
2.38204 -1.27228 -0.09303 -0.81638 0.27101 
1.24313 -1.87026 0.93349 0.05517 1.69646 
-1.64926 0.87728 0.76252 0.00744 0.15120 
0.88513 -0.27331 0.14970 -1.48273 -0.11502 
1.41851 -0.37974 2.06462 0.25818 -0.78095 
0.93691 2.00394 1.81984 0.86370 -0.34534 
1.05763 -0.34867 -0.76696 0.97090 -0.55387 
-0.06655 -0.05183 1.03167 0.27673 0.46774 
-1.12433 -0.90325 0.80914 -0.16338 1.28046 
-1.05599 0.12422 1.14548 0.42442 0.19109 
0.67565 0.27095 0.19088 0.88287 1.33705 
-0.96234 -0.47758 -1.20709 -0.47538 -0.15602 
0.08918 -0.24206 1.32392 -0.89008 1.16019 
0.59158 -1.41086 0.81856 0.03495 0.21038 
0.86801 -0.63005 -1.44010 0.11486 2.62405 
1.25104 1.79950 0.14360 -0.85300 0.85778 
-0.35949 -0.75336 1.99416 -0.16828 0.92546 
-0.66251 -0.17183 0.85131 -1.04703 0.58913 
0.91186 -0.26467 1.65508 0.23161 0.37722 
-1.42780 0.67531 0.45623 -0.35902 0.25566 
-0.15148 1.21519 0.41778 -1.46669 0.40114 
0.44016 1.24057 -0.18526 0.09598 0.19576 
1.44257 -1.31019 -1.66313 -0.16428 0.64784 
0.28076 -2.88399 -1.87248 1.51202 0.34338 
-0.15538 0.84854 -0.89743 -0.20750 1.28858 
-0.28453 2.11835 1.35239 -0.85396 -1.45768 
0.49410 0.85584 -1.13295 0.62914 0.14598 
-1.15510 -0.07156 1.11684 -1.69324 0.48510 
-1.05185 -0.58666 0.06940 0.03027 -0.70219 
0.57378 -0.44953 0.75609 -1.11725 -1.03057 
-2.06141 0.04257 1.18810 1.35748 -0.59699 
-0.54835 1.12055 0.77805 0.14553 -1.35601 
1.92453 -0.51878 -1.19957 -0.53356 -0.99712 
-0.41210 0.92908 0.11945 -1.02816 0.35836 
-0.10894 0.40457 -0.17153 0.33283 0.39775 
1.74467 -0.87921 -1.48050 0.28846 0.78691 
-0.43331 0.67443 -0.75572 0.01577 -0.13550 
-1.51950 -1.15299 -0.86768 1.64030 -1.48138 
0.64663 -0.61962 1.40116 -0.19582 -0.87279 
0.30617 0.44070 1.61691 -0.75585 -0.24972 
1.51902 -0.40814 0.19075 -1.83610 0.93321 
1.48086 0.13863 1.87999 0.15718 0.54765 
-1.12119 -1.15965 -0.10358 -0.61361 -1.01240 
1.13020 -0.15807 -1.27321 0.22709 -0.87072 
-0.88696 -0.28131 0.41435 -2.35296 0.67894 
1.94659 0.84823 -1.62044 0.58070 1.37183 
0.02503 1.20755 0.79402 0.02157 0.58064 
-0.08110 -0.80692 -1.06345 -1.02291 -1.13691 
1.19957 -0.04695 0.26744 0.78638 0.92920 
1.75490 2.08953 -0.35142 1.04219 1.35433 
0.88742 -0.73537 -0.05365 -0.32299 1.76124 
-0.19370 -0.00701 0.32298 0.86795 -0.14431 
-1.15804 -0.40954 2.26774 0.70517 0.29985 
0.05388 -0.04772 1.42103 -0.00468 -1.52568 
-0.47467 0.01580 1.69639 -0.95744 0.54047 
0.09845 0.31495 -0.86618 -2.45005 -0.95409 
1.71408 -0.45001 1.03288 -0.35531 0.70857 
1.15558 -0.24790 0.51244 -1.53628 -0.21698 
1.12266 -0.43233 -0.49597 0.52352 -0.52006 
-1.73844 -0.60411 1.46094 0.04673 0.07825 
-0.66928 -1.16717 1.39210 0.50431 0.68535 
0.21898 -0.84801 -1.99276 -0.29421 -1.94186 
0.31745 1.60187 0.20061 0.99787 -0.76058 
-0.00276 -0.76962 -0.75272 0.03957 -0.72776 
0.28413 -1.34834 0.05349 1.28716 0.20731 
-0.55234 -1.56865 2.07173 0.62643 -1.52450 
0.91858 -0.86461 -0.04328 -0.22814 -0.58372 
-0.33768 1.61925 1.71467 0.76715 1.01459 
0.68462 -1.70271 -0.01043 -0.68195 -0.17480 
0.62756 1.50235 0.00812 0.45239 -0.30927 
-1.25664 -0.57472 -0.72010 1.34125 0.94608 
0.85905 -1.83563 -0.77595 -2.18854 -0.28974 
-0.39577 0.32294 0.20871 -0.56262 -0.31999 
-0.43323 -0.32254 -0.25145 -1.39045 -1.33172 
0.66960 0.47524 0.13287 -0.30156 0.88229 
-0.49805 -0.06691 0.35193 0.51754 1.88716 
0.65261 0.45437 0.28327 -0.26787 -0.00541 
1.69208 0.34464 1.57905 -0.32485 0.12043 
-0.57480 0.70395 0.65525 0.08930 0.30601 
0.36022 1.10767 0.00847 1.12020 0.97637 
0.04264 -1.15121 -0.04901 1.00920 0.52256 
-0.61579 -1.13884 0.04482 2.34088 0.84024 
0.97137 -1.77054 0.08694 0.09278 1.52551 
0.55013 1.19345 -0.65104 -2.38885 -0.59351 
2.31166 1.72917 0.28220 -0.11581 -2.21371 
0.04575 -0.61448 -2.13194 -0.33978 -1.12362 
-1.35788 0.40337 0.30510 -0.05180 -0.63204 
1.02572 0.44482 -0.48345 0.57912 -0.71157 
0.96445 0.63641 -0.09023 -0.18950 0.65485 
-0.17946 -1.92474 -0.82995 -0.70156 -0.24040 
1.62005 1.15425 -0.16989 1.00929 1.15546 
0.70753 -0.08259 0.45825 -1.95384 -1.54595 
-0.36376 1.91939 -1.40841 0.41127 0.98306 
0.52965 1.21661 -0.02629 -0.86752 0.34295 
-1.31604 0.23592 -1.78064 -0.20422 -0.31539 
2.45357 -0.64103 1.37543 -1.71697 0.65891 
0.71728 -0.70789 0.08139 1.32659 1.40281 
0.08701 -0.62233 0.93376 0.68797 -1.43786 
0.77287 -1.58198 0.51944 1.72648 0.89319 
-0.93409 -0.75672 0.30150 1.17958 -0.77508 
1.00204 -0.61376 -0.76142 0.46577 1.17405 
0.23417 -0.91966 0.61139 -0.11020 0.82033 
-1.00272 -0.52109 0.70994 -0.10459 1.72750 
0.47305 -0.96918 -1.00048 0.41580 -0.36994 
1.87682 -0.04890 1.33636 0.53255 1.30516 
-1.00539 0.19439 -0.57902 0.54221 0.68166 
-0.13762 0.77397 -1.26080 -0.54923 -2.16932 
-0.93857 0.46915 -0.09158 -2.10529 -1.46507 
1.50578 -1.23621 -0.95438 0.88879 -0.40120 
0.10578 0.56169 -0.30614 -1.06354 -0.37534 
-1.38702 -1.78108 -1.37902 1.37800 -0.74114 
0.89512 -1.45797 0.58121 -0.69055 -0.06031 
-0.32859 0.53475 0.61460 0.12488 1.86142 
-1.54615 1.01347 0.13950 1.21492 1.02991 
-0.24261 -0.28366 -0.71044 -0.90777 -0.73725 
0.09477 -1.08339 0.45761 -0.37201 -0.42907 
-0.59854 -1.10739 0.81437 -1.79540 -0.47399 
1.09069 0.09525 -1.00051 0.92012 -0.17328 
0.03597 0.33477 0.43315 0.90862 1.57075 
-0.38708 0.47226 -1.76660 -0.45737 0.06645 
1.53663 0.08518 -0.29957 0.33315 -0.66543 
0.05929 0.78784 0.30680 -1.69359 -0.46038 
0.76178 -1.10193 0.70478 0.17184 -0.69449 
-0.78598 -1.70835 1.27069 0.60640 -1.56480 
0.60172 1.28551 1.12019 -1.48823 0.36571 
0.29666 1.93406 -0.07718 1.50474 -0.11708 
0.52317 0.90810 -0.25289 0.79231 0.86077 
-0.30363 -0.60257 0.61630 -0.84257 0.72423 
0.57780 1.08538 0.67415 -1.04344 -1.57980 
-1.33923 0.24992 -2.24310 0.29210 1.35951 
-1.21876 1.38974 1.00428 -0.76482 1.82471 
0.27779 -1.53186 -0.13080 -1.24294 -1.54799 
-0.09957 0.61550 0.87105 -0.85976 -1.23592 
2.00750 1.20019 -0.74659 0.52646 0.37298 
-0.98419 0.88492 -1.15776 0.49304 -0.40341 
-0.52027 1.50933 -0.37246 -1.58953 -1.06805 
1.17060 -1.07169 -0.82730 -0.59053 -0.32803 
-0.13089 0.75697 -0.39555 1.27454 -0.56755 
-0.20891 -1.88161 1.67637 0.43946 0.74429 
-0.58072 0.93708 0.66024 1.23471 -0.27089 
0.14181 -1.98878 -0.66165 1.44727 0.64216 
-1.24750 -0.19416 -0.99243 1.24454 -2.20923 
-0.92510 1.35765 -0.26068 -2.50608 -0.74262 
-1.31178 -0.93200 -0.76445 1.85551 -0.06162 
-0.57704 -0.95879 -0.38034 -0.57605 0.55694 
1.42161 1.73408 -0.66974 0.89264 0.78508 
0.65006 -0.44594 -0.27144 -0.24830 -0.24313 
1.06683 0.10531 0.12999 0.10379 1.68632 
-0.30122 -1.54428 0.83114 -1.12539 -0.83175 
-0.76730 -0.28202 1.34679 1.13737 -0.42076 
0.34052 1.42448 0.10502 -0.66604 1.49221 
0.37215 -1.41337 1.46155 -0.09866 0.75027 
-0.28972 1.45374 0.04815 0.68841 -0.78605 
0.35352 0.63705 3.24704 1.80933 0.29335 
-2.69347 1.26265 -0.46452 3.02161 -0.04833 
-0.74951 0.36521 1.07306 -1.16022 -2.14006 
1.06529 2.32333 -1.68166 -0.18719 -0.38272 
0.64922 0.28569 -0.96663 -0.32188 0.21825 
0.54476 -0.18164 -0.53342 -0.42551 -0.37686 
0.92181 0.29007 -0.28431 -1.73567 -0.25711 
1.95349 0.44019 -2.00874 -0.55773 0.53676 
-1.57027 -0.35762 0.14860 0.79050 -1.18277 
1.31504 -0.26520 -0.89275 -0.44874 -1.14605 
-0.93502 0.10455 0.17177 -0.46495 -0.38946 
-0.67013 -0.97040 -0.57911 1.23771 -2.55774 
-0.18159 -1.28840 -0.40119 -1.08655 1.73609 
0.40411 1.02401 0.38839 0.26738 -0.73916 
-1.16621 -0.87804 0.86954 -1.54692 0.05468 
1.88940 -0.73451 0.73189 -0.08223 1.21602 
0.34943 0.63722 0.30564 -0.28966 0.69460 
0.72485 -0.45649 0.42141 0.50610 1.71497 
0.86653 1.01011 -0.78947 -0.86293 0.22758 
0.65809 0.39336 -1.01862 -1.27376 0.90061 
0.59235 -1.27034 1.06908 2.73234 2.21853 
0.71075 1.09587 1.02013 -1.37718 0.00820 
0.57740 0.88140 -1.51016 -1.39697 1.65465 
-0.89375 -0.86134 -0.86825 -0.11358 1.75852 
0.06888 -0.19732 -0.63917 -0.09571 -0.20537 
1.34900 0.60837 1.71759 -0.92464 -0.04833 
-0.80751 2.01981 -0.34401 -0.94433 -0.58781 
0.65358 -0.09235 -1.25599 -0.34000 -1.83891 
0.06094 -1.04739 -0.55095 -0.73520 1.06017 
-0.87447 -1.77583 0.35640 -0.44368 2.65703 
-0.80809 -1.43422 1.04111 -0.45959 1.98425 
0.04622 0.43319 0.21211 2.33886 0.11672 
-0.60062 0.70368 0.62795 -1.95425 0.45039 
-0.25122 2.10047 -0.82098 0.14533 0.01267 
0.75250 0.25218 1.60473 -0.20980 0.43270 
0.61564 -0.56562 1.27271 -1.07090 0.59688 
1.06205 -1.73445 -0.91872 0.56559 -0.33316 
0.47443 1.68169 2.99317 0.00862 0.23333 
0.33483 -0.24397 0.05125 1.12420 0.73487 
-1.89115 -0.25674 -0.10412 -0.93999 -1.09407 
-0.60624 0.78390 0.40780 1.39061 1.09049 
-0.69439 0.81003 1.04178 -0.45703 -0.69586 
-0.60078 -1.83749 0.24569 1.29454 1.13373 
-0.34520 -0.70999 -1.13745 -0.80420 1.10413 
0.30344 0.55580 1.48331 0.42560 0.12394 
0.23006 -0.65447 2.03890 0.49719 -0.10326 
-0.32172 -0.99298 0.92403 2.33593 0.60988 
-0.45631 -0.80221 -1.00148 -0.83698 0.62753 
-0.01308 -0.06504 -0.20185 0.69848 1.18387 
1.02439 -0.94521 -2.11309 0.37979 -0.55358 
1.35063 0.06610 0.46632 -1.11070 0.12561 
0.76759 -0.43527 -2.22099 -1.63254 0.20250 
0.77496 -0.13916 2.35769 -0.91002 0.46936 
-1.29900 -2.17773 -0.94253 -0.93636 -0.83001 
0.26046 -1.38358 0.32732 0.38268 0.44877 
0.83441 2.41120 -1.35847 -0.41179 -1.32260 
-1.37534 0.72119 -2.68501 0.02770 -1.04811 
0.28714 0.51786 0.98914 0.08816 0.45655 
-1.78443 -0.27985 0.79953 -0.03812 -0.29066 
0.61435 1.86290 -0.23258 -0.20097 -2.75008 
0.79334 -0.01733 -0.89705 -1.17772 0.32244 
3.32445 0.62620 0.34345 0.26798 1.44862 
-0.28849 -0.97058 -0.86954 -0.17956 0.78168 
-0.02011 0.98053 1.35738 0.33590 -1.36820 
-1.78360 -0.15635 -0.26910 -0.77273 0.59782 
-1.26118 0.23565 -0.26596 0.57483 0.13999 
-0.13994 -0.40182 -0.39706 1.66884 -0.42133 
0.65111 0.18385 -0.75008 -0.79852 0.13779 
1.46055 -0.55015 -0.21033 -0.46477 0.87392 
0.83766 -0.25571 0.39701 -0.00253 0.41206 
-1.34959 -1.21695 -0.50757 0.16968 1.38763 
-0.10876 -0.62530 0.97931 -1.14055 -0.40851 
-1.53503 0.25887 1.03349 -0.93642 -0.21836 
-0.85802 -2.09793 0.32400 -0.79945 0.85281 
-0.45858 -0.37728 -2.63037 0.07003 0.53030 
-1.11353 0.22509 -0.31034 0.60965 -0.22507 
1.66889 0.19569 0.07372 0.03761 -0.73545 
0.72182 -0.23506 0.93393 0.52003 -0.90379 
-0.07875 -1.94252 1.06985 -1.23044 0.54211 
-0.11226 -1.02007 -0.09200 0.07742 -0.69757 
-1.98883 -1.89666 -1.25436 -0.03362 0.17674 
-1.61028 0.03978 2.65548 0.34723 -0.23410 
1.24202 -0.62997 0.91970 -0.61680 0.66895 
-1.16572 -0.02325 -1.43871 -0.50192 1.40287 
-0.44024 0.21806 -0.07336 1.34678 1.12191 
-1.38469 -2.21909 1.00627 0.59422 -1.53490 
1.07891 -1.12294 -0.66142 0.07978 0.37409 
-1.06444 -0.18167 2.83791 -1.91243 0.21908 
-2.34371 0.12297 0.12953 -0.59491 0.13308 
-0.24685 0.72389 -0.44837 1.52154 -1.32021 
-0.43979 0.74450 0.92652 -1.54184 -1.32933 
1.20565 -0.33246 0.03030 -0.34734 -0.17674 
0.71113 -0.10890 0.03258 -0.20062 0.48217 
-0.98561 1.25695 0.07953 -0.11134 -1.68388 
0.35064 0.77788 -0.25457 0.06758 -0.51559 
-1.17627 0.46562 0.23746 -0.91850 -1.29544 
-0.24681 1.16830 0.53791 -0.49426 -0.13633 
0.25716 -0.49159 -0.78915 -0.80831 0.03630 
1.38017 -2.79941 0.10846 -1.44650 0.34634 
1.03350 -0.32912 0.77225 -0.91716 2.11444 
-0.09273 -0.70628 -0.76586 0.80745 -0.11432 
-2.22879 -0.07904 -2.42676 -0.15620 0.40647 
-1.24381 0.11462 -0.74843 0.19364 -0.88055 
-1.53573 0.39503 0.55278 -0.21922 -0.11339 
-1.21758 -0.43887 0.64483 0.98801 -0.88636 
-2.19311 1.04315 -0.42508 0.38731 0.16912 
0.90525 0.95995 1.53231 -0.00530 0.53195 
-0.62050 -0.28651 -0.63832 0.46996 0.36109 
1.90547 0.21083 -1.06312 -0.75835 -0.92208 
-0.01505 -0.49189 1.28773 0.21375 1.69845 
0.81664 0.61278 -0.14683 0.62713 -1.09851 
-0.78200 0.14623 -0.32934 0.62523 0.86767 
1.85139 -0.79199 0.13537 -0.05158 0.31478 
1.56602 2.37355 -0.77270 0.67772 0.73863 
-0.40031 0.04696 0.50858 1.28818 0.33741 
-0.30401 0.25591 1.05481 -0.26342 -0.92974 
-0.66495 1.35233 0.26779 -0.82202 -0.92900 
2.44919 0.29496 0.00147 0.12124 1.28274 
-0.00980 0.66432 0.51112 1.29170 -0.25715 
-0.48197 -0.06358 -1.04535 0.23523 -0.01324 
0.50473 -0.37223 0.22721 1.12419 -0.17150 
-1.34809 -0.03704 1.09072 -1.13039 -1.17829 
0.63162 -1.19329 -0.16443 1.54682 2.36689 
0.06459 1.22930 0.13111 -0.17425 -0.78940 
0.05062 -0.75634 -1.06563 -0.93994 -1.59297 
-0.96165 0.77428 0.69653 -0.58619 -0.15626 
1.57314 -0.69406 -1.65640 -0.87887 1.22251 
-1.83999 -0.23145 -0.44957 0.20384 -0.49153 
1.75992 -1.00760 -0.91045 -0.33739 0.44936 
-0.31050 -0.45698 0.81729 0.23218 -1.31352 
0.17804 0.13218 -1.71000 -2.44548 0.93437 
-0.42158 -0.02308 -1.64023 -0.57500 0.32332 
0.13518 -0.13708 -0.81584 -1.02045 0.80656 
-0.69104 -1.22018 -0.32785 1.49106 0.62636 
1.39132 1.68387 1.74085 -1.61679 -0.62354 
1.67207 -1.35022 0.31414 -0.93072 -0.83314 
0.53060 -0.62958 1.64939 -1.33871 0.85255 
-0.29687 0.29051 0.00841 -0.31513 0.69431 
0.63564 -2.24984 -0.09477 -0.80224 0.74561 
-0.84686 0.26415 -0.64308 1.07815 -0.40431 
-0.23620 0.28760 -1.18572 0.73982 -1.98289 
0.01129 -1.75467 0.38839 1.37566 0.03035 
-1.39436 0.87417 0.00535 -1.10149 1.62184 
1.54051 -0.39009 0.63233 -1.48899 0.25739 
-1.19556 -0.15153 0.83431 2.14873 -0.35597 
0.91285 0.13505 -0.35295 -0.92309 -0.47596 
-1.49036 1.40046 -0.05649 0.68192 0.43732 
-0.46373 0.79279 -0.82036 -0.13320 0.85159 
0.49300 0.58091 0.24485 -0.31947 -0.78992 
0.21275 0.75866 -0.45919 -0.93924 -0.62046 
-0.25337 0.27314 -0.52133 1.27869 0.66824 
0.08336 -0.18537 -0.73462 -1.33540 -0.93990 
-1.96301 0.25243 -0.69066 -0.58660 -1.29225 
-0.45647 0.72703 0.39949 0.19841 0.54645 
1.49406 1.59369 -0.24032 -0.42945 -0.26192 
-1.17021 0.47734 0.74983 -2.18215 0.56008 
-0.99081 0.72494 0.03250 0.22127 -0.07028 
2.36346 0.03335 -1.40131 0.42781 0.51737 
0.49760 0.83842 1.36330 -2.44295 0.44325 
1.38865 0.40716 0.28438 -0.56297 0.26059 
0.24981 -0.60282 -0.02855 0.93098 -0.71586 
-1.90989 -0.14317 0.96266 -0.78522 -1.29868 
-0.34969 1.02124 -0.47615 -0.92900 -2.12339 
-0.62318 -0.96243 0.56081 0.06802 -1.66284 
-0.68069 0.11241 -1.60961 -0.73724 2.08036 
1.07986 0.86497 0.38712 -1.44155 -0.44915 
0.51743 -1.45270 0.85096 -0.60214 1.50988 
0.63999 0.30287 -0.58487 0.85656 1.36340 
2.17749 -2.37493 -0.76725 1.13183 -0.23394 
0.40518 1.04544 -1.33968 0.46085 -0.65898 
-0.77413 0.81487 -0.37774 1.10236 0.41421 
1.06758 -0.39299 0.05829 0.84594 0.08995 
1.66849 0.25070 -2.14210 0.78457 1.28299 
-0.32345 -0.16648 -1.35913 -0.01426 0.32287 
-0.43875 -0.16482 -0.38462 -2.37479 -0.97123 
-0.57593 -0.60184 -0.98975 -1.15093 -0.82159 
1.60474 0.60895 1.06406 0.71071 0.41863 
0.11743 1.31035 -0.86632 0.64885 -0.46147 
0.23700 1.04759 -0.05505 0.34085 -2.59873 
0.29156 0.50713 0.23410 1.45713 -0.06040 
-0.48221 0.91462 -0.65681 0.83189 0.83577 
0.83370 1.85511 -0.08996 -0.27400 1.84080 
0.00584 -0.00526 -0.34765 -0.72196 -0.04946 
-0.50349 1.11586 0.30725 -0.63000 -0.82634 
1.30930 1.97024 -1.48252 -0.11005 0.67145 
-1.64135 0.49150 -0.44907 -1.11507 -0.39108 
-2.27857 -0.04340 0.45425 0.15260 0.99281 
-1.20313 -0.82003 -1.20281 -0.12956 1.02910 
-0.27190 1.18484 -0.00815 0.03727 0.42162 
0.76445 0.34700 -1.04947 1.75580 -0.64299 
0.55974 -1.38613 1.23350 -1.08012 -0.20340 
0.91834 -1.54447 -0.10492 -0.19274 -0.77742 
1.98954 0.62400 0.36131 -0.77922 -1.65837 
0.27479 -0.58446 1.79997 0.00559 -2.12044 
1.70416 -1.05912 -0.46764 0.40925 -0.42314 
-0.53634 0.23528 1.79823 -0.78300 -0.94762 
1.82093 1.81245 -0.30045 0.51256 0.07792 
-0.14278 -1.16993 -0.58819 0.73567 -0.44395 
0.32588 -0.15606 -1.06734 -0.13546 -0.83295 
0.27592 0.74916 0.56773 3.06023 -1.89359 
0.43939 1.17070 0.50664 -0.61368 1.27872 
-0.66332 -1.03909 -1.67757 -0.24660 -0.24034 
0.30822 -0.73879 0.22383 -0.79942 0.82598 
-0.56615 -1.50591 0.12226 0.16535 2.03555 
-1.26376 1.08728 0.20539 0.63350 -0.60756 
0.49912 1.34757 -1.13359 0.76190 1.70515 
-0.65892 -0.86931 1.87991 1.51656 -0.79697 
-0.20830 -1.64769 -0.98355 1.63236 -1.63593 
-0.79350 -1.97095 -0.52254 -0.23806 -2.01602 
0.35491 -3.80176 0.19733 0.95198 -1.40158 
0.33282 -0.84347 -1.81947 0.30021 0.77801 
-0.31244 1.74026 0.12758 -0.05221 0.34335 
-0.19018 -1.28018 0.87108 -0.70147 -0.17171 
-0.24843 -0.28379 -0.40388 0.22905 -0.55464 
-0.41916 0.92405 0.41826 0.76015 -1.61622 
-0.97653 -0.00742 1.99083 -0.57156 0.96785 
-0.31203 -0.36037 -0.32315 -0.07767 1.33141 
-1.32700 -0.59811 -0.03636 1.38493 1.22228 
1.54385 -0.86840 -1.17238 -0.86025 0.40563 
-2.13305 0.09757 1.42543 -0.06672 -0.85160 
-0.11630 0.54840 -0.05656 -0.94925 0.69225 
1.27608 -0.80224 -1.61018 1.02915 -1.40752 
-0.01741 0.57411 -1.16293 0.80661 0.43091 
-0.12800 0.37092 -0.60347 0.14897 -0.04872 
0.10161 0.38775 0.89353 0.20102 0.62420 
-0.07761 0.75414 0.69684 -1.13035 -0.54750 
-1.54487 -1.33974 0.80487 0.13703 -0.34233 
-0.88686 0.08768 -1.05203 -1.24525 1.23461 
-1.21696 -0.19363 -0.38187 -0.00352 1.40978 
1.33051 0.48778 1.18160 -0.37532 -1.72103 
0.28390 0.03853 0.10621 -0.98848 -0.89512 
0.32789 -0.84546 -0.47230 0.01689 0.54488 
-0.42025 0.28545 0.40846 -0.15800 -1.89281 
-0.15078 1.77848 1.71951 -2.16056 1.53900 
-0.17905 -0.96128 -0.44879 1.27572 -1.61649 
0.45169 -0.37086 0.87242 -0.48252 0.32133 
-1.36099 -1.71955 -1.24633 0.61778 -0.29288 
-0.93824 0.18739 -0.20265 0.77377 -0.12777 
-2.59966 2.71646 -0.99593 -0.01732 -1.42872 
-0.11953 -0.76212 0.99211 -0.51312 -1.72365 
0.54586 -0.62387 -1.58991 0.51126 1.10094 
-0.55424 -0.51452 0.04691 -0.88205 -0.81026 
-0.25500 0.24330 -2.65474 -0.02944 0.91093 
-0.26158 -0.10900 -0.75091 -0.49740 0.40464 
-0.18756 -0.41387 0.69473 0.40830 -0.28037 
-0.15898 0.55674 -0.07755 -0.40238 -1.27129 
-1.05322 -0.69485 -0.03948 0.37837 0.88448 
0.33835 -0.92575 -0.69520 0.07161 -1.19964 
2.05710 1.82484 -0.06884 0.03915 -0.18767 
-0.26370 1.05055 0.99936 -0.40799 -1.21463 
0.43222 0.54480 2.25485 2.01919 0.53895 
0.09285 0.63516 -2.18310 0.86561 -0.56332 
-0.65252 0.78905 1.42925 -2.10096 -0.38683 
-1.63414 -1.34263 0.68697 -0.48216 -1.46215 
0.18537 0.15329 -1.60943 -0.75764 1.75292 
-1.27516 0.66402 0.17984 0.44448 -0.10773 
0.36131 1.13825 -0.19310 0.31350 1.08043 
-0.28435 0.95840 0.78745 1.83334 1.74544 
-0.66310 -0.14287 1.22600 0.54154 1.71638 
0.22284 -0.39457 0.56085 1.60591 -0.09696 
1.27211 0.78137 -1.36157 1.85798 -0.26596 
0.37309 -0.00700 -0.25096 0.20606 -0.99351 
0.46263 -1.56475 -1.54393 -0.06528 -1.70805 
-1.01997 -0.79327 0.64491 1.02567 -0.21826 
-0.60195 0.36421 1.78121 -0.65989 -0.38905 
-0.67069 -0.56239 -0.29948 -1.40086 1.76856 
0.26329 -0.72492 0.87618 -0.95847 -1.70797 
-1.17109 -0.97216 0.29401 0.00685 -1.98393 
0.85366 0.95962 0.13866 0.77875 -0.20761 
2.47102 0.49417 1.24339 0.15657 -1.04330 
-0.11818 1.49817 0.31157 0.78267 0.09526 
1.58959 0.11496 1.58678 -0.27371 0.38325 
0.45054 0.01386 0.85448 -0.03493 1.17101 
-0.03190 0.25728 -2.29464 0.73076 0.43580 
0.40529 0.54817 0.80764 0.00143 0.56221 
-0.56836 -0.42685 0.77583 -0.78876 2.91672 
0.77467 -1.64673 1.97222 1.47583 2.50948 
-1.09421 0.57612 -0.37315 2.23584 -0.83175 
0.00164 0.26193 0.17007 -0.86241 -1.57143 
1.58266 0.80828 1.25432 0.24220 0.43583 
-0.58033 -1.36396 -0.30726 0.47527 1.97086 
-1.22899 -1.32793 0.24993 1.49884 -1.29561 
-1.81111 0.75846 0.13874 -0.34985 -0.40769 
-0.28492 1.15770 2.19957 0.88367 0.49484 
-0.81899 -0.26829 -0.36041 -1.35948 -0.38877 
0.65202 0.44827 -0.59696 -1.12096 -1.51356 
0.10065 -0.27662 2.05605 -1.12098 0.19696 
0.32822 -0.11729 -1.09447 1.58822 -0.14474 
-0.25947 0.98814 -0.05179 -0.94725 0.69549 
-1.97386 -0.83050 2.34941 -0.99627 -1.28871 
0.13948 0.91742 -2.07183 0.49592 -1.52441 
-1.33070 -0.23625 -0.50784 -0.28163 -1.54658 
-0.83004 -1.18797 0.64991 0.01616 1.18230 
-1.63666 -1.33576 0.53108 -1.16585 -1.24747 
-0.56255 -0.49857 0.37365 0.18755 2.20822 
0.31726 1.33460 0.43982 -0.87155 -1.28437 
0.68955 -0.46920 0.65285 3.19164 -0.29030 
-0.97873 0.30124 0.20456 0.50877 -0.06216 
-0.74283 -0.32686 0.41788 -0.72562 0.25577 
-0.45077 0.63378 1.34642 -0.00811 -0.31344 
1.59757 0.99319 -0.76924 -2.02203 0.83347 
-0.45432 0.98613 1.52218 0.72076 0.52152 
0.31590 1.64326 0.86203 0.04642 -1.04456 
1.51598 0.94162 1.03374 -0.68370 0.29601 
0.09704 -1.59559 0.22665 0.59984 0.18993 
0.05232 -0.50676 -1.98449 2.96308 0.17880 
0.54822 1.71606 -0.18938 -0.04141 0.05883 
-1.63694 0.38681 -1.91506 -0.30723 -0.44356 
-1.04897 -0.41138 0.07404 0.86127 -0.25843 
0.13722 -0.87832 -0.49518 -1.03204 -0.36298 
1.66253 -0.67949 -1.06516 -0.77628 -0.34031 
-0.74858 -0.53706 -0.41264 0.52808 0.08566 
0.27827 -0.04354 1.26171 -2.08993 0.66508 
0.72950 -0.34879 0.15454 3.11540 1.16377 
0.16275 0.77477 0.45349 0.17855 -0.65197 
0.19099 -0.45694 0.44343 0.12718 0.26164 
-0.78997 1.75417 0.87087 -0.99660 -0.38809 
-2.55767 0.29138 0.22144 0.51694 0.02047 
1.13150 1.74707 0.70571 0.81700 0.67418 
-0.41510 -0.37197 1.45263 -0.32671 0.93185 
-1.04876 -0.64303 0.28959 0.69668 -1.40423 
-0.93212 1.54506 0.71904 -2.63143 0.76026 
-0.85197 1.11483 0.24281 0.23515 0.61590 
-1.35547 0.55572 0.86752 0.62135 -1.73048 
-1.22341 -0.63526 -2.23107 0.49108 -2.30527 
2.34299 0.63632 0.74325 0.63222 1.44078 
-1.27350 -0.43698 -0.73711 -1.17164 -0.05551 
0.91849 0.37311 0.87859 -0.14008 0.50225 
-1.72081 0.29591 -2.55752 -0.73963 2.45853 
1.97511 -1.03217 -1.36359 -0.65017 -0.87100 
-0.96117 -0.19037 0.26369 -0.95186 0.53402 
-0.55333 0.81024 -1.05104 -0.01109 -0.20357 
-1.03745 -0.12475 -0.61799 -0.66592 -0.28507 
-0.35136 -1.58778 -0.96461 0.27445 -0.18807 
2.02895 -1.90416 0.04098 -1.00842 -2.09869 
1.85327 -0.92480 1.22093 0.29350 -0.18386 
-0.55113 -0.20045 -0.40332 1.83305 2.00958 
1.49852 -0.71659 0.36214 -1.35866 0.41830 
-1.24067 -0.14811 -0.82967 0.98070 0.40933 
0.16671 -0.22806 -0.94009 -2.55829 -0.38899 
0.83919 -0.16818 -0.37482 1.39695 0.07343 
0.73863 1.34821 0.67343 -0.05732 -0.12023 
-0.84903 -0.77965 -0.12733 0.76715 0.41625 
-0.45140 -1.23383 0.14683 0.53278 -1.59491 
0.99726 -0.14413 1.56120 0.51849 0.15875 
-0.13473 -1.22822 -0.30939 0.29716 -0.07509 
2.65830 -0.85806 -1.21919 -0.62416 -1.62329 
-0.79974 -0.88709 -0.44025 -0.91822 -0.75839 
1.11721 -0.99614 -1.05379 -1.16466 -1.79266 
0.85097 2.19805 -0.11414 1.21422 0.89070 
0.35320 -0.12819 -0.67014 -1.65882 0.27291 
-0.09915 0.32769 -0.86785 -0.21119 -0.11061 
0.75997 0.89877 -0.69501 -0.50209 0.98197 
-0.21059 -0.29870 1.94618 -0.48632 -0.54288 
-1.47446 -0.01824 -0.06464 -0.20137 -0.70193 
-1.30299 -0.55140 -0.67930 -0.53238 -1.84943 
0.01427 1.23957 -0.66156 1.11398 -1.02508 
2.11008 -1.67803 -0.56459 1.52487 0.05215 
0.37939 0.58086 -2.60229 -0.31933 -0.27753 
0.18596 0.06640 -0.73530 1.17490 2.15509 
0.39808 0.46720 -2.16006 0.12796 0.59406 
-0.33052 -2.33702 -1.35132 2.33063 -0.18176 
0.73413 -0.54007 -0.99549 -0.14673 0.15901 
-0.84177 0.89068 1.00512 1.74918 -0.22417 
-0.19116 0.26449 -1.27735 0.23924 -0.78774 
1.22251 -0.18821 1.26267 1.04523 -0.02788 
-1.16819 -0.49745 -0.42576 -1.04656 0.86160 
-0.79084 1.59915 0.12009 -0.70367 -0.92161 
0.83425 0.38166 -3.00767 -0.73323 1.27901 
1.51795 0.82688 -1.04200 -0.10856 -0.07882 
-0.59536 -0.19750 2.37908 -1.51794 -2.02401 
0.13705 -0.67101 1.10731 2.46803 -1.06193 
-0.30043 -1.18742 -0.50183 0.01255 0.61281 
-1.09101 0.32389 1.91558 -0.48932 0.65320 
0.56563 -0.74399 -0.88506 -2.14921 -0.43334 
0.91018 1.13132 -2.71713 -0.46288 0.58398 
-0.00814 0.92610 1.25660 0.18626 0.00561 
-1.18391 1.71660 -0.78731 -0.24328 -1.12829 
0.97550 -2.48113 -0.81299 -0.44484 -1.49075 